1 45
2 95
3 59
4 86
5 44
6 49
7 10
8 3
9 6
10 1
11 19
12 76
13 99
14 81
15 46
16 95
17 91
18 4
19 84
20 8
21 7
22 43
23 72
24 65
25 65
26 71
27 10
28 91
29 72
30 76
31 61
32 41
33 64
34 75
35 87
36 24
37 56
38 12
39 92
40 44
41 1
42 6
43 19
44 83
45 44
46 83
47 5
48 76
49 73
50 16
51 36
52 44
53 91
54 78
55 85
56 53
57 15
58 96
59 79
60 18
61 77
62 33
63 87
64 67
65 54
66 85
67 33
68 86
69 24
70 64
71 40
72 32
73 28
74 79
75 63
76 32
77 22
78 88
79 88
80 29
81 48
82 92
83 45
84 86
85 80
86 44
87 51
88 10
89 84
90 21
91 42
92 9
93 8
94 86
95 92
96 28
97 99
98 77
99 97
100 97
101 19
102 25
103 64
104 75
105 88
106 91
107 13
108 62
109 24
110 10
111 39
112 22
113 12
114 29
115 94
116 99
117 39
118 69
119 13
120 4
121 59
122 89
123 77
124 92
125 41
126 2
127 62
128 71
129 23
130 67
131 92
132 97
133 50
134 6
135 94
136 34
137 63
138 82
139 75
140 86
141 18
142 66
143 37
144 83
145 17
146 54
147 75
148 90
149 27
150 56
151 80
152 11
153 64
154 73
155 43
156 54
157 6
158 31
159 94
160 91
161 98
162 52
163 69
164 13
165 81
166 25
167 51
168 43
169 3
170 37
171 56
172 3
173 13
174 32
175 68
176 29
177 23
178 40
179 1
180 32
181 61
182 51
183 24
184 24
185 75
186 83
187 57
188 16
189 28
190 99
191 36
192 94
193 0
194 40
195 20
196 66
197 27
198 69
199 27
200 40
201 82
202 95
203 93
204 91
205 56
206 76
207 86
208 18
209 22
210 94
211 15
212 89
213 60
214 69
215 77
216 70
217 72
218 74
219 5
220 13
221 94
222 68
223 35
224 67
225 97
226 86
227 6
228 51
229 72
230 9
231 18
232 92
233 82
234 88
235 25
236 39
237 4
238 34
239 20
240 44
241 58
242 9
243 85
244 84
245 77
246 41
247 78
248 93
249 23
250 47
251 13
252 47
253 29
254 8
255 45
256 87
257 10
258 90
259 66
260 78
261 53
262 79
263 75
264 79
265 13
266 97
267 96
268 98
269 81
270 6
271 10
272 58
273 64
274 92
275 52
276 30
277 19
278 76
279 13
280 61
281 20
282 29
283 8
284 12
285 48
286 40
287 56
288 20
289 85
290 52
291 8
292 69
293 82
294 25
295 39
296 29
297 93
298 22
299 6
300 46
301 50
302 99
303 75
304 76
305 94
306 83
307 98
308 99
309 95
310 83
311 32
312 66
313 91
314 29
315 27
316 20
317 65
318 17
319 61
320 88
321 95
322 49
323 80
324 20
325 34
326 88
327 66
328 58
329 72
330 65
331 16
332 4
333 48
334 39
335 0
336 74
337 85
338 63
339 81
340 94
341 20
342 96
343 36
344 20
345 12
346 26
347 72
348 88
349 24
350 93
351 95
352 2
353 8
354 53
355 99
356 32
357 2
358 72
359 68
360 54
361 72
362 0
363 68
364 63
365 6
366 16
367 62
368 61
369 1
370 15
371 29
372 20
373 79
374 84
375 92
376 84
377 60
378 32
379 22
380 12
381 6
382 41
383 92
384 26
385 72
386 75
387 36
388 41
389 89
390 57
391 1
392 26
393 56
394 67
395 29
396 28
397 89
398 24
399 82
400 35
401 59
402 95
403 8
404 5
405 92
406 55
407 98
408 36
409 81
410 36
411 21
412 79
413 34
414 68
415 70
416 52
417 28
418 15
419 67
420 27
421 12
422 87
423 24
424 93
425 23
426 85
427 64
428 75
429 40
430 73
431 59
432 90
433 89
434 76
435 60
436 24
437 70
438 45
439 80
440 94
441 88
442 33
443 90
444 47
445 17
446 80
447 46
448 48
449 38
450 70
451 45
452 57
453 90
454 70
455 46
456 87
457 91
458 38
459 47
460 84
461 20
462 24
463 71
464 21
465 28
466 14
467 32
468 14
469 93
470 34
471 55
472 53
473 5
474 20
475 56
476 69
477 95
478 68
479 28
480 42
481 40
482 55
483 60
484 28
485 48
486 26
487 95
488 48
489 79
490 7
491 17
492 86
493 64
494 37
495 88
496 7
497 97
498 87
499 61
500 43
501 82
502 73
503 63
504 45
505 40
506 80
507 15
508 84
509 59
510 71
511 11
512 3
513 60
514 34
515 83
516 35
517 93
518 95
519 31
520 76
521 7
522 95
523 90
524 38
525 81
526 60
527 8
528 39
529 10
530 22
531 26
532 34
533 13
534 84
535 15
536 98
537 62
538 93
539 95
540 50
541 38
542 59
543 89
544 5
545 11
546 12
547 15
548 27
549 74
550 68
551 81
552 47
553 74
554 95
555 3
556 87
557 18
558 37
559 31
560 10
561 64
562 60
563 67
564 76
565 97
566 94
567 69
568 81
569 97
570 28
571 21
572 52
573 3
574 74
575 88
576 74
577 6
578 28
579 98
580 64
581 54
582 19
583 14
584 2
585 14
586 98
587 35
588 98
589 72
590 24
591 91
592 17
593 20
594 39
595 28
596 45
597 27
598 82
599 59
600 49
601 86
602 12
603 72
604 93
605 30
606 58
607 85
608 89
609 31
610 31
611 14
612 81
613 14
614 22
615 82
616 28
617 30
618 84
619 18
620 55
621 14
622 53
623 38
624 69
625 52
626 3
627 46
628 24
629 26
630 77
631 66
632 9
633 14
634 22
635 80
636 62
637 53
638 85
639 44
640 55
641 56
642 88
643 10
644 79
645 30
646 42
647 65
648 52
649 98
650 30
651 32
652 13
653 61
654 64
655 45
656 1
657 98
658 30
659 23
660 62
661 66
662 88
663 25
664 43
665 91
666 17
667 98
668 87
669 53
670 76
671 72
672 66
673 7
674 20
675 47
676 10
677 9
678 56
679 23
680 68
681 6
682 19
683 82
684 41
685 57
686 28
687 80
688 5
689 81
690 91
691 10
692 43
693 41
694 77
695 46
696 18
697 55
698 49
699 81
700 15
701 97
702 15
703 74
704 59
705 62
706 6
707 35
708 94
709 27
710 86
711 51
712 4
713 18
714 88
715 67
716 15
717 53
718 11
719 79
720 61
721 8
722 59
723 0
724 54
725 52
726 65
727 51
728 27
729 92
730 39
731 93
732 79
733 58
734 66
735 99
736 75
737 8
738 62
739 41
740 22
741 61
742 33
743 50
744 82
745 58
746 76
747 23
748 98
749 57
750 39
751 85
752 33
753 29
754 40
755 43
756 44
757 10
758 88
759 29
760 76
761 68
762 98
763 2
764 35
765 47
766 21
767 88
768 53
769 80
770 85
771 69
772 50
773 19
774 5
775 92
776 3
777 30
778 92
779 59
780 7
781 18
782 41
783 64
784 69
785 38
786 2
787 38
788 92
789 89
790 70
791 76
792 70
793 65
794 19
795 69
796 94
797 13
798 51
799 88
800 37
801 72
802 94
803 44
804 88
805 20
806 58
807 49
808 24
809 10
810 50
811 17
812 90
813 80
814 77
815 10
816 18
817 49
818 59
819 5
820 19
821 1
822 63
823 20
824 22
825 53
826 97
827 25
828 17
829 11
830 54
831 85
832 59
833 7
834 41
835 81
836 90
837 76
838 23
839 72
840 68
841 14
842 37
843 40
844 78
845 86
846 84
847 32
848 90
849 73
850 62
851 69
852 53
853 71
854 42
855 60
856 11
857 46
858 88
859 26
860 56
861 87
862 93
863 29
864 35
865 80
866 91
867 32
868 41
869 65
870 50
871 99
872 23
873 46
874 6
875 41
876 0
877 89
878 40
879 45
880 95
881 42
882 0
883 20
884 30
885 38
886 81
887 81
888 81
889 62
890 33
891 21
892 18
893 21
894 23
895 14
896 2
897 85
898 32
899 22
900 16
901 8
902 29
903 24
904 69
905 70
906 87
907 86
908 16
909 56
910 1
911 74
912 72
913 71
914 63
915 73
916 25
917 99
918 14
919 71
920 32
921 56
922 67
923 28
924 64
925 70
926 85
927 92
928 98
929 97
930 30
931 29
932 80
933 47
934 2
935 76
936 10
937 7
938 80
939 42
940 65
941 4
942 97
943 24
944 41
945 90
946 27
947 9
948 43
949 86
950 47
951 30
952 92
953 40
954 71
955 78
956 34
957 22
958 16
959 77
960 93
961 24
962 23
963 95
964 33
965 14
966 27
967 58
968 66
969 15
970 16
971 21
972 96
973 4
974 75
975 61
976 59
977 18
978 3
979 66
980 43
981 22
982 90
983 21
984 34
985 73
986 20
987 68
988 3
989 80
990 18
991 43
992 10
993 50
994 91
995 68
996 34
997 9
998 34
999 36
1000 14
1001 95
1002 7
1003 7
1004 49
1005 81
1006 55
1007 49
1008 24
1009 15
1010 39
1011 11
1012 43
1013 31
1014 44
1015 77
1016 41
1017 97
1018 51
1019 40
1020 24
1021 16
1022 32
1023 23
1024 1
1025 19
1026 57
1027 98
1028 56
1029 6
1030 57
1031 32
1032 77
1033 59
1034 94
1035 61
1036 15
1037 26
1038 4
1039 18
1040 66
1041 73
1042 4
1043 72
1044 28
1045 18
1046 21
1047 79
1048 44
1049 47
1050 71
1051 52
1052 45
1053 19
1054 34
1055 25
1056 14
1057 15
1058 93
1059 47
1060 98
1061 44
1062 29
1063 83
1064 74
1065 56
1066 60
1067 18
1068 59
1069 48
1070 40
1071 22
1072 8
1073 32
1074 29
1075 29
1076 61
1077 91
1078 45
1079 96
1080 17
1081 27
1082 28
1083 39
1084 57
1085 41
1086 92
1087 21
1088 5
1089 94
1090 40
1091 50
1092 62
1093 77
1094 26
1095 48
1096 67
1097 80
1098 21
1099 63
1100 65
1101 66
1102 77
1103 26
1104 22
1105 40
1106 94
1107 35
1108 40
1109 65
1110 56
1111 75
1112 99
1113 41
1114 87
1115 18
1116 77
1117 89
1118 62
1119 10
1120 51
1121 56
1122 81
1123 72
1124 26
1125 49
1126 56
1127 81
1128 64
1129 8
1130 86
1131 94
1132 0
1133 53
1134 96
1135 46
1136 16
1137 81
1138 20
1139 89
1140 2
1141 65
1142 42
1143 46
1144 19
1145 4
1146 95
1147 7
1148 8
1149 40
1150 31
1151 65
1152 3
1153 13
1154 81
1155 20
1156 14
1157 53
1158 7
1159 44
1160 11
1161 65
1162 55
1163 25
1164 37
1165 41
1166 45
1167 62
1168 54
1169 51
1170 94
1171 76
1172 86
1173 98
1174 7
1175 3
1176 95
1177 6
1178 76
1179 77
1180 83
1181 81
1182 57
1183 46
1184 40
1185 97
1186 31
1187 70
1188 84
1189 4
1190 38
1191 46
1192 17
1193 49
1194 78
1195 59
1196 55
1197 77
1198 36
1199 33
1200 12
1201 10
1202 53
1203 94
1204 85
1205 73
1206 87
1207 56
1208 37
1209 30
1210 55
1211 48
1212 34
1213 1
1214 42
1215 93
1216 76
1217 32
1218 63
1219 82
1220 9
1221 43
1222 83
1223 27
1224 47
1225 66
1226 41
1227 69
1228 15
1229 89
1230 5
1231 28
1232 63
1233 62
1234 12
1235 13
1236 7
1237 53
1238 53
1239 93
1240 83
1241 16
1242 48
1243 1
1244 97
1245 19
1246 64
1247 38
1248 86
1249 78
1250 10
1251 24
1252 64
1253 50
1254 44
1255 43
1256 88
1257 54
1258 44
1259 78
1260 73
1261 54
1262 72
1263 31
1264 98
1265 79
1266 96
1267 24
1268 19
1269 87
1270 95
1271 28
1272 31
1273 4
1274 57
1275 63
1276 43
1277 64
1278 45
1279 56
1280 75
1281 91
1282 91
1283 57
1284 15
1285 52
1286 83
1287 77
1288 64
1289 71
1290 78
1291 18
1292 9
1293 64
1294 61
1295 30
1296 36
1297 1
1298 60
1299 48
1300 14
1301 98
1302 99
1303 35
1304 52
1305 66
1306 16
1307 10
1308 5
1309 23
1310 18
1311 72
1312 37
1313 55
1314 3
1315 8
1316 27
1317 42
1318 34
1319 34
1320 51
1321 67
1322 35
1323 37
1324 70
1325 14
1326 88
1327 4
1328 59
1329 73
1330 8
1331 60
1332 56
1333 31
1334 10
1335 99
1336 46
1337 86
1338 97
1339 51
1340 98
1341 77
1342 91
1343 14
1344 18
1345 94
1346 9
1347 58
1348 40
1349 19
1350 42
1351 62
1352 41
1353 80
1354 72
1355 4
1356 29
1357 73
1358 32
1359 55
1360 91
1361 49
1362 73
1363 72
1364 92
1365 57
1366 49
1367 32
1368 98
1369 21
1370 51
1371 72
1372 76
1373 69
1374 93
1375 66
1376 69
1377 89
1378 9
1379 86
1380 85
1381 3
1382 76
1383 13
1384 23
1385 17
1386 52
1387 53
1388 85
1389 80
1390 91
1391 41
1392 94
1393 66
1394 78
1395 0
1396 39
1397 49
1398 34
1399 62
1400 6
1401 57
1402 34
1403 63
1404 60
1405 32
1406 29
1407 27
1408 45
1409 22
1410 8
1411 96
1412 3
1413 44
1414 66
1415 75
1416 95
1417 93
1418 32
1419 11
1420 35
1421 79
1422 75
1423 95
1424 18
1425 56
1426 51
1427 73
1428 9
1429 63
1430 82
1431 92
1432 72
1433 43
1434 59
1435 60
1436 45
1437 90
1438 74
1439 71
1440 69
1441 2
1442 90
1443 80
1444 65
1445 11
1446 69
1447 87
1448 55
1449 78
1450 51
1451 43
1452 71
1453 76
1454 17
1455 48
1456 77
1457 28
1458 97
1459 78
1460 89
1461 78
1462 13
1463 11
1464 55
1465 91
1466 17
1467 17
1468 57
1469 6
1470 67
1471 36
1472 46
1473 38
1474 69
1475 98
1476 24
1477 7
1478 68
1479 2
1480 58
1481 79
1482 93
1483 63
1484 89
1485 76
1486 86
1487 2
1488 49
1489 0
1490 4
1491 55
1492 4
1493 50
1494 14
1495 63
1496 91
1497 73
1498 97
1499 36
1500 57
1501 48
1502 32
1503 46
1504 89
1505 56
1506 79
1507 99
1508 16
1509 61
1510 29
1511 12
1512 72
1513 35
1514 15
1515 94
1516 20
1517 58
1518 4
1519 91
1520 73
1521 6
1522 98
1523 80
1524 66
1525 84
1526 91
1527 80
1528 84
1529 6
1530 14
1531 36
1532 68
1533 5
1534 68
1535 15
1536 79
1537 21
1538 4
1539 50
1540 73
1541 28
1542 55
1543 53
1544 93
1545 24
1546 84
1547 0
1548 28
1549 16
1550 36
1551 72
1552 73
1553 36
1554 14
1555 34
1556 70
1557 48
1558 91
1559 46
1560 2
1561 76
1562 36
1563 34
1564 83
1565 73
1566 73
1567 93
1568 14
1569 86
1570 23
1571 24
1572 54
1573 89
1574 41
1575 64
1576 90
1577 45
1578 93
1579 62
1580 23
1581 46
1582 66
1583 17
1584 73
1585 99
1586 85
1587 60
1588 45
1589 69
1590 85
1591 64
1592 94
1593 4
1594 72
1595 92
1596 62
1597 31
1598 97
1599 34
1600 80
1601 57
1602 68
1603 83
1604 80
1605 43
1606 93
1607 54
1608 89
1609 78
1610 37
1611 31
1612 99
1613 49
1614 98
1615 33
1616 78
1617 8
1618 9
1619 26
1620 7
1621 80
1622 27
1623 59
1624 66
1625 99
1626 53
1627 8
1628 92
1629 56
1630 78
1631 44
1632 84
1633 92
1634 52
1635 13
1636 42
1637 8
1638 73
1639 59
1640 76
1641 27
1642 44
1643 71
1644 77
1645 72
1646 47
1647 13
1648 70
1649 81
1650 94
1651 69
1652 95
1653 28
1654 99
1655 87
1656 88
1657 91
1658 80
1659 58
1660 50
1661 19
1662 26
1663 43
1664 66
1665 93
1666 26
1667 81
1668 9
1669 0
1670 15
1671 87
1672 22
1673 84
1674 63
1675 86
1676 92
1677 32
1678 63
1679 2
1680 47
1681 48
1682 54
1683 20
1684 86
1685 93
1686 62
1687 72
1688 47
1689 85
1690 64
1691 8
1692 80
1693 97
1694 42
1695 73
1696 83
1697 6
1698 46
1699 64
1700 5
1701 48
1702 93
1703 82
1704 99
1705 17
1706 1
1707 81
1708 65
1709 1
1710 29
1711 9
1712 88
1713 80
1714 64
1715 43
1716 76
1717 77
1718 73
1719 49
1720 23
1721 6
1722 85
1723 76
1724 5
1725 61
1726 62
1727 96
1728 53
1729 1
1730 93
1731 61
1732 49
1733 12
1734 16
1735 27
1736 11
1737 42
1738 3
1739 99
1740 68
1741 50
1742 92
1743 53
1744 69
1745 52
1746 45
1747 90
1748 84
1749 37
1750 98
1751 44
1752 28
1753 24
1754 36
1755 85
1756 79
1757 4
1758 34
1759 65
1760 42
1761 8
1762 2
1763 40
1764 46
1765 83
1766 64
1767 83
1768 10
1769 19
1770 32
1771 64
1772 44
1773 91
1774 93
1775 53
1776 78
1777 38
1778 63
1779 70
1780 99
1781 48
1782 30
1783 11
1784 23
1785 49
1786 92
1787 52
1788 91
1789 73
1790 30
1791 68
1792 93
1793 50
1794 22
1795 1
1796 60
1797 21
1798 29
1799 46
1800 44
1801 72
1802 72
1803 81
1804 6
1805 85
1806 53
1807 92
1808 64
1809 96
1810 70
1811 42
1812 16
1813 8
1814 68
1815 34
1816 22
1817 23
1818 10
1819 95
1820 52
1821 41
1822 1
1823 1
1824 6
1825 10
1826 0
1827 69
1828 22
1829 87
1830 43
1831 96
1832 18
1833 89
1834 44
1835 0
1836 42
1837 92
1838 62
1839 95
1840 65
1841 72
1842 84
1843 46
1844 45
1845 77
1846 54
1847 19
1848 95
1849 44
1850 57
1851 28
1852 0
1853 3
1854 25
1855 7
1856 17
1857 10
1858 65
1859 79
1860 33
1861 29
1862 45
1863 76
1864 39
1865 94
1866 87
1867 80
1868 51
1869 27
1870 89
1871 54
1872 71
1873 53
1874 36
1875 55
1876 91
1877 52
1878 91
1879 72
1880 53
1881 87
1882 26
1883 47
1884 35
1885 4
1886 12
1887 51
1888 10
1889 13
1890 44
1891 27
1892 45
1893 74
1894 93
1895 48
1896 99
1897 59
1898 14
1899 74
1900 30
1901 87
1902 38
1903 40
1904 21
1905 95
1906 47
1907 68
1908 57
1909 24
1910 51
1911 78
1912 32
1913 51
1914 56
1915 14
1916 10
1917 7
1918 24
1919 69
1920 45
1921 95
1922 97
1923 45
1924 73
1925 43
1926 26
1927 38
1928 70
1929 72
1930 80
1931 24
1932 3
1933 11
1934 57
1935 55
1936 39
1937 25
1938 7
1939 45
1940 29
1941 38
1942 73
1943 29
1944 8
1945 22
1946 71
1947 7
1948 57
1949 9
1950 39
1951 29
1952 63
1953 47
1954 73
1955 22
1956 78
1957 99
1958 51
1959 50
1960 36
1961 49
1962 58
1963 1
1964 41
1965 60
1966 18
1967 9
1968 93
1969 1
1970 68
1971 50
1972 72
1973 6
1974 50
1975 81
1976 1
1977 87
1978 51
1979 85
1980 52
1981 94
1982 51
1983 42
1984 55
1985 79
1986 99
1987 33
1988 28
1989 19
1990 41
1991 82
1992 2
1993 67
1994 99
1995 65
1996 25
1997 97
1998 96
1999 7
2000 99
2001 82
2002 1
2003 44
2004 77
2005 95
2006 95
2007 22
2008 84
2009 29
2010 34
2011 32
2012 46
2013 81
2014 18
2015 70
2016 57
2017 14
2018 68
2019 11
2020 14
2021 70
2022 77
2023 96
2024 70
2025 20
2026 47
2027 92
2028 59
2029 19
2030 5
2031 52
2032 50
2033 32
2034 90
2035 18
2036 94
2037 21
2038 6
2039 67
2040 63
2041 22
2042 89
2043 25
2044 40
2045 23
2046 17
2047 27
2048 17
2049 84
2050 50
2051 90
2052 37
2053 89
2054 49
2055 94
2056 62
2057 53
2058 15
2059 95
2060 10
2061 97
2062 96
2063 50
2064 80
2065 75
2066 44
2067 76
2068 72
2069 49
2070 24
2071 65
2072 64
2073 97
2074 30
2075 59
2076 34
2077 71
2078 16
2079 2
2080 27
2081 61
2082 36
2083 36
2084 97
2085 11
2086 46
2087 62
2088 49
2089 90
2090 98
2091 61
2092 71
2093 28
2094 0
2095 95
2096 27
2097 15
2098 26
2099 39
2100 6
2101 59
2102 61
2103 28
2104 90
2105 26
2106 96
2107 18
2108 7
2109 21
2110 75
2111 58
2112 35
2113 5
2114 88
2115 84
2116 1
2117 37
2118 68
2119 0
2120 31
2121 52
2122 28
2123 51
2124 21
2125 19
2126 98
2127 44
2128 50
2129 0
2130 12
2131 65
2132 70
2133 30
2134 33
2135 35
2136 93
2137 57
2138 76
2139 47
2140 84
2141 62
2142 5
2143 1
2144 78
2145 76
2146 90
2147 87
2148 74
2149 59
2150 11
2151 86
2152 64
2153 89
2154 70
2155 11
2156 34
2157 11
2158 87
2159 81
2160 57
2161 58
2162 67
2163 32
2164 9
2165 63
2166 24
2167 88
2168 65
2169 34
2170 45
2171 8
2172 17
2173 10
2174 68
2175 77
2176 14
2177 26
2178 78
2179 3
2180 48
2181 83
2182 31
2183 10
2184 48
2185 67
2186 7
2187 27
2188 27
2189 20
2190 89
2191 70
2192 4
2193 81
2194 50
2195 92
2196 74
2197 97
2198 94
2199 9
2200 31
2201 5
2202 40
2203 0
2204 73
2205 76
2206 63
2207 43
2208 73
2209 55
2210 9
2211 6
2212 42
2213 0
2214 79
2215 1
2216 20
2217 92
2218 72
2219 14
2220 47
2221 13
2222 49
2223 86
2224 36
2225 77
2226 42
2227 35
2228 62
2229 53
2230 62
2231 87
2232 21
2233 22
2234 72
2235 60
2236 25
2237 97
2238 65
2239 75
2240 22
2241 83
2242 7
2243 32
2244 29
2245 48
2246 81
2247 91
2248 78
2249 49
2250 72
2251 41
2252 64
2253 22
2254 15
2255 50
2256 95
2257 66
2258 82
2259 71
2260 57
2261 66
2262 6
2263 2
2264 97
2265 84
2266 45
2267 82
2268 44
2269 44
2270 68
2271 76
2272 45
2273 14
2274 3
2275 75
2276 77
2277 39
2278 4
2279 84
2280 92
2281 87
2282 88
2283 35
2284 39
2285 72
2286 35
2287 86
2288 31
2289 52
2290 3
2291 84
2292 2
2293 65
2294 56
2295 77
2296 10
2297 2
2298 28
2299 0
2300 11
2301 26
2302 90
2303 88
2304 75
2305 88
2306 61
2307 73
2308 5
2309 67
2310 99
2311 35
2312 33
2313 5
2314 99
2315 76
2316 8
2317 3
2318 8
2319 78
2320 87
2321 79
2322 16
2323 84
2324 6
2325 9
2326 30
2327 26
2328 48
2329 33
2330 88
2331 13
2332 62
2333 86
2334 72
2335 1
2336 46
2337 34
2338 33
2339 41
2340 50
2341 21
2342 23
2343 1
2344 33
2345 42
2346 57
2347 20
2348 26
2349 10
2350 44
2351 49
2352 19
2353 32
2354 73
2355 53
2356 57
2357 55
2358 58
2359 95
2360 71
2361 66
2362 17
2363 6
2364 65
2365 93
2366 18
2367 20
2368 32
2369 70
2370 1
2371 12
2372 75
2373 7
2374 29
2375 14
2376 72
2377 76
2378 95
2379 68
2380 98
2381 77
2382 82
2383 5
2384 51
2385 41
2386 19
2387 26
2388 23
2389 6
2390 33
2391 56
2392 4
2393 89
2394 76
2395 69
2396 35
2397 71
2398 80
2399 69
2400 84
2401 97
2402 58
2403 32
2404 33
2405 57
2406 35
2407 98
2408 95
2409 1
2410 80
2411 2
2412 63
2413 78
2414 65
2415 80
2416 67
2417 15
2418 41
2419 15
2420 75
2421 7
2422 75
2423 79
2424 85
2425 2
2426 21
2427 65
2428 53
2429 23
2430 42
2431 55
2432 57
2433 35
2434 70
2435 7
2436 88
2437 82
2438 70
2439 13
2440 1
2441 91
2442 13
2443 77
2444 94
2445 62
2446 71
2447 3
2448 20
2449 2
2450 11
2451 77
2452 33
2453 14
2454 0
2455 15
2456 96
2457 9
2458 66
2459 38
2460 6
2461 1
2462 40
2463 83
2464 6
2465 57
2466 32
2467 61
2468 52
2469 87
2470 58
2471 74
2472 61
2473 25
2474 69
2475 70
2476 31
2477 20
2478 46
2479 77
2480 57
2481 39
2482 38
2483 11
2484 35
2485 62
2486 12
2487 55
2488 48
2489 70
2490 14
2491 89
2492 19
2493 10
2494 42
2495 65
2496 88
2497 25
2498 41
2499 76
2500 84
2501 31
2502 43
2503 18
2504 29
2505 58
2506 8
2507 99
2508 21
2509 85
2510 59
2511 20
2512 85
2513 84
2514 6
2515 65
2516 27
2517 55
2518 3
2519 8
2520 25
2521 62
2522 22
2523 5
2524 48
2525 14
2526 0
2527 81
2528 56
2529 52
2530 76
2531 62
2532 49
2533 27
2534 36
2535 77
2536 48
2537 4
2538 75
2539 43
2540 26
2541 48
2542 98
2543 14
2544 22
2545 74
2546 13
2547 67
2548 41
2549 58
2550 69
2551 42
2552 11
2553 51
2554 4
2555 50
2556 28
2557 72
2558 73
2559 39
2560 15
2561 95
2562 49
2563 14
2564 42
2565 50
2566 95
2567 67
2568 66
2569 94
2570 29
2571 62
2572 51
2573 70
2574 87
2575 72
2576 32
2577 86
2578 22
2579 58
2580 34
2581 7
2582 37
2583 44
2584 70
2585 6
2586 40
2587 32
2588 73
2589 84
2590 23
2591 50
2592 91
2593 96
2594 45
2595 24
2596 20
2597 45
2598 71
2599 19
2600 60
2601 32
2602 27
2603 61
2604 47
2605 22
2606 94
2607 70
2608 21
2609 42
2610 78
2611 53
2612 6
2613 77
2614 9
2615 11
2616 86
2617 31
2618 88
2619 28
2620 44
2621 11
2622 64
2623 19
2624 34
2625 13
2626 55
2627 49
2628 99
2629 71
2630 91
2631 22
2632 48
2633 94
2634 92
2635 15
2636 72
2637 86
2638 67
2639 75
2640 66
2641 4
2642 63
2643 13
2644 41
2645 61
2646 63
2647 40
2648 32
2649 63
2650 19
2651 13
2652 56
2653 49
2654 13
2655 34
2656 43
2657 16
2658 28
2659 40
2660 55
2661 5
2662 0
2663 88
2664 68
2665 92
2666 72
2667 44
2668 75
2669 62
2670 54
2671 73
2672 28
2673 86
2674 13
2675 28
2676 26
2677 10
2678 85
2679 56
2680 99
2681 80
2682 66
2683 11
2684 99
2685 93
2686 23
2687 55
2688 98
2689 3
2690 71
2691 1
2692 11
2693 95
2694 51
2695 41
2696 47
2697 77
2698 52
2699 32
2700 47
2701 91
2702 2
2703 6
2704 26
2705 66
2706 2
2707 32
2708 42
2709 89
2710 29
2711 2
2712 75
2713 80
2714 71
2715 83
2716 17
2717 40
2718 68
2719 93
2720 28
2721 76
2722 41
2723 81
2724 43
2725 52
2726 6
2727 45
2728 37
2729 3
2730 39
2731 52
2732 89
2733 0
2734 1
2735 75
2736 36
2737 62
2738 29
2739 60
2740 81
2741 81
2742 84
2743 93
2744 20
2745 69
2746 6
2747 16
2748 44
2749 89
2750 69
2751 66
2752 91
2753 13
2754 41
2755 43
2756 53
2757 0
2758 14
2759 67
2760 34
2761 93
2762 54
2763 3
2764 57
2765 54
2766 85
2767 63
2768 30
2769 16
2770 27
2771 45
2772 30
2773 79
2774 22
2775 36
2776 74
2777 65
2778 62
2779 50
2780 78
2781 29
2782 22
2783 12
2784 33
2785 85
2786 95
2787 63
2788 43
2789 28
2790 67
2791 60
2792 26
2793 39
2794 60
2795 17
2796 10
2797 5
2798 44
2799 8
2800 36
2801 87
2802 58
2803 57
2804 42
2805 94
2806 27
2807 92
2808 53
2809 18
2810 39
2811 21
2812 92
2813 75
2814 10
2815 12
2816 9
2817 51
2818 76
2819 97
2820 14
2821 16
2822 93
2823 88
2824 62
2825 89
2826 29
2827 3
2828 85
2829 96
2830 92
2831 0
2832 6
2833 34
2834 10
2835 86
2836 72
2837 31
2838 71
2839 77
2840 94
2841 86
2842 41
2843 74
2844 65
2845 40
2846 19
2847 41
2848 87
2849 37
2850 31
2851 94
2852 13
2853 47
2854 0
2855 75
2856 52
2857 91
2858 6
2859 31
2860 46
2861 76
2862 46
2863 32
2864 81
2865 47
2866 89
2867 60
2868 46
2869 69
2870 82
2871 54
2872 32
2873 39
2874 65
2875 60
2876 2
2877 99
2878 48
2879 45
2880 59
2881 14
2882 36
2883 21
2884 53
2885 86
2886 24
2887 44
2888 50
2889 38
2890 62
2891 96
2892 88
2893 64
2894 50
2895 20
2896 31
2897 41
2898 70
2899 53
2900 82
2901 9
2902 36
2903 81
2904 18
2905 67
2906 19
2907 79
2908 31
2909 13
2910 96
2911 42
2912 89
2913 61
2914 96
2915 22
2916 98
2917 76
2918 76
2919 76
2920 55
2921 12
2922 34
2923 7
2924 16
2925 29
2926 76
2927 79
2928 94
2929 88
2930 74
2931 95
2932 24
2933 70
2934 0
2935 32
2936 34
2937 57
2938 58
2939 80
2940 83
2941 10
2942 81
2943 97
2944 13
2945 48
2946 75
2947 17
2948 87
2949 21
2950 42
2951 11
2952 43
2953 30
2954 73
2955 38
2956 94
2957 2
2958 12
2959 23
2960 73
2961 87
2962 19
2963 57
2964 61
2965 13
2966 12
2967 92
2968 40
2969 72
2970 14
2971 1
2972 99
2973 97
2974 13
2975 86
2976 40
2977 78
2978 7
2979 51
2980 49
2981 35
2982 88
2983 25
2984 34
2985 4
2986 51
2987 32
2988 61
2989 23
2990 18
2991 10
2992 52
2993 28
2994 97
2995 95
2996 1
2997 18
2998 94
2999 64
3000 58
3001 78
3002 92
3003 57
3004 66
3005 90
3006 89
3007 52
3008 85
3009 63
3010 46
3011 59
3012 12
3013 55
3014 52
3015 38
3016 73
3017 78
3018 5
3019 61
3020 62
3021 14
3022 46
3023 77
3024 60
3025 2
3026 11
3027 10
3028 96
3029 64
3030 11
3031 94
3032 69
3033 82
3034 55
3035 29
3036 50
3037 90
3038 70
3039 36
3040 56
3041 19
3042 56
3043 69
3044 79
3045 56
3046 52
3047 57
3048 98
3049 97
3050 27
3051 57
3052 48
3053 28
3054 39
3055 96
3056 87
3057 85
3058 53
3059 29
3060 9
3061 87
3062 56
3063 76
3064 62
3065 91
3066 83
3067 35
3068 77
3069 13
3070 58
3071 23
3072 1
3073 14
3074 80
3075 70
3076 63
3077 3
3078 37
3079 51
3080 39
3081 91
3082 31
3083 97
3084 49
3085 92
3086 35
3087 46
3088 91
3089 33
3090 44
3091 96
3092 89
3093 92
3094 91
3095 59
3096 60
3097 87
3098 9
3099 30
3100 39
3101 50
3102 14
3103 22
3104 20
3105 63
3106 46
3107 33
3108 96
3109 59
3110 91
3111 44
3112 75
3113 5
3114 39
3115 88
3116 59
3117 60
3118 72
3119 44
3120 71
3121 18
3122 43
3123 88
3124 95
3125 11
3126 9
3127 43
3128 59
3129 57
3130 41
3131 62
3132 81
3133 66
3134 82
3135 28
3136 9
3137 80
3138 7
3139 70
3140 25
3141 94
3142 42
3143 16
3144 50
3145 39
3146 71
3147 83
3148 94
3149 64
3150 0
3151 86
3152 87
3153 84
3154 94
3155 84
3156 12
3157 51
3158 50
3159 72
3160 27
3161 49
3162 5
3163 59
3164 19
3165 12
3166 29
3167 88
3168 69
3169 88
3170 74
3171 73
3172 51
3173 80
3174 10
3175 59
3176 80
3177 74
3178 66
3179 80
3180 63
3181 81
3182 61
3183 56
3184 55
3185 11
3186 78
3187 4
3188 72
3189 29
3190 42
3191 65
3192 80
3193 31
3194 75
3195 46
3196 41
3197 56
3198 25
3199 9
3200 30
3201 31
3202 20
3203 31
3204 1
3205 10
3206 23
3207 24
3208 73
3209 64
3210 12
3211 13
3212 14
3213 42
3214 8
3215 42
3216 83
3217 83
3218 2
3219 76
3220 22
3221 32
3222 40
3223 55
3224 55
3225 71
3226 79
3227 66
3228 26
3229 28
3230 21
3231 44
3232 74
3233 74
3234 88
3235 63
3236 41
3237 28
3238 65
3239 60
3240 2
3241 23
3242 94
3243 13
3244 39
3245 12
3246 13
3247 75
3248 35
3249 12
3250 47
3251 53
3252 51
3253 77
3254 98
3255 54
3256 10
3257 33
3258 28
3259 87
3260 23
3261 25
3262 0
3263 85
3264 32
3265 91
3266 10
3267 53
3268 61
3269 49
3270 43
3271 19
3272 62
3273 69
3274 11
3275 17
3276 5
3277 51
3278 32
3279 68
3280 84
3281 30
3282 12
3283 46
3284 43
3285 47
3286 87
3287 70
3288 91
3289 29
3290 86
3291 26
3292 20
3293 10
3294 68
3295 99
3296 4
3297 75
3298 95
3299 90
3300 73
3301 37
3302 47
3303 96
3304 4
3305 8
3306 0
3307 64
3308 57
3309 10
3310 85
3311 77
3312 49
3313 77
3314 46
3315 43
3316 57
3317 71
3318 34
3319 79
3320 57
3321 43
3322 58
3323 46
3324 36
3325 36
3326 39
3327 79
3328 7
3329 6
3330 14
3331 97
3332 74
3333 77
3334 3
3335 13
3336 62
3337 42
3338 92
3339 98
3340 70
3341 50
3342 88
3343 62
3344 1
3345 9
3346 44
3347 12
3348 95
3349 28
3350 76
3351 16
3352 24
3353 67
3354 67
3355 71
3356 56
3357 38
3358 2
3359 78
3360 27
3361 56
3362 0
3363 94
3364 4
3365 45
3366 92
3367 60
3368 27
3369 97
3370 23
3371 99
3372 94
3373 98
3374 97
3375 39
3376 82
3377 43
3378 74
3379 6
3380 54
3381 55
3382 26
3383 86
3384 72
3385 49
3386 46
3387 38
3388 71
3389 42
3390 57
3391 9
3392 70
3393 45
3394 20
3395 73
3396 91
3397 72
3398 11
3399 94
3400 28
3401 87
3402 14
3403 64
3404 46
3405 26
3406 51
3407 51
3408 24
3409 97
3410 13
3411 96
3412 61
3413 75
3414 46
3415 1
3416 65
3417 57
3418 78
3419 93
3420 46
3421 80
3422 24
3423 79
3424 47
3425 42
3426 35
3427 23
3428 26
3429 22
3430 34
3431 3
3432 67
3433 2
3434 72
3435 35
3436 85
3437 67
3438 36
3439 47
3440 33
3441 40
3442 84
3443 55
3444 18
3445 21
3446 1
3447 69
3448 96
3449 11
3450 47
3451 98
3452 5
3453 9
3454 59
3455 91
3456 21
3457 53
3458 39
3459 59
3460 46
3461 53
3462 82
3463 6
3464 6
3465 65
3466 97
3467 59
3468 49
3469 5
3470 38
3471 91
3472 30
3473 48
3474 67
3475 77
3476 85
3477 37
3478 51
3479 25
3480 35
3481 19
3482 86
3483 65
3484 55
3485 84
3486 54
3487 24
3488 87
3489 71
3490 59
3491 49
3492 74
3493 78
3494 35
3495 33
3496 55
3497 31
3498 30
3499 41
3500 7
3501 95
3502 18
3503 54
3504 48
3505 34
3506 3
3507 92
3508 88
3509 78
3510 32
3511 54
3512 96
3513 89
3514 82
3515 0
3516 10
3517 70
3518 1
3519 95
3520 10
3521 60
3522 44
3523 62
3524 20
3525 40
3526 45
3527 90
3528 12
3529 94
3530 75
3531 67
3532 86
3533 18
3534 41
3535 50
3536 42
3537 48
3538 88
3539 67
3540 73
3541 80
3542 28
3543 16
3544 26
3545 2
3546 31
3547 49
3548 95
3549 11
3550 80
3551 32
3552 43
3553 77
3554 88
3555 41
3556 97
3557 64
3558 67
3559 2
3560 60
3561 97
3562 83
3563 80
3564 11
3565 9
3566 1
3567 53
3568 4
3569 83
3570 17
3571 51
3572 80
3573 40
3574 82
3575 3
3576 45
3577 84
3578 62
3579 27
3580 45
3581 62
3582 98
3583 30
3584 19
3585 64
3586 55
3587 10
3588 12
3589 73
3590 59
3591 36
3592 60
3593 28
3594 26
3595 64
3596 18
3597 77
3598 27
3599 20
3600 46
3601 52
3602 94
3603 54
3604 7
3605 98
3606 88
3607 99
3608 70
3609 76
3610 39
3611 3
3612 30
3613 52
3614 81
3615 95
3616 52
3617 59
3618 8
3619 53
3620 35
3621 97
3622 20
3623 14
3624 46
3625 42
3626 96
3627 44
3628 27
3629 34
3630 71
3631 15
3632 72
3633 93
3634 3
3635 30
3636 56
3637 89
3638 81
3639 75
3640 79
3641 31
3642 49
3643 27
3644 43
3645 48
3646 51
3647 81
3648 16
3649 72
3650 7
3651 39
3652 23
3653 32
3654 93
3655 46
3656 88
3657 69
3658 14
3659 47
3660 97
3661 74
3662 12
3663 69
3664 39
3665 20
3666 25
3667 43
3668 15
3669 6
3670 8
3671 48
3672 70
3673 51
3674 4
3675 17
3676 3
3677 98
3678 53
3679 37
3680 58
3681 41
3682 65
3683 87
3684 15
3685 47
3686 8
3687 1
3688 88
3689 24
3690 68
3691 57
3692 28
3693 76
3694 32
3695 32
3696 85
3697 91
3698 48
3699 59
3700 1
3701 72
3702 42
3703 2
3704 53
3705 73
3706 5
3707 17
3708 55
3709 92
3710 24
3711 3
3712 6
3713 48
3714 17
3715 9
3716 20
3717 37
3718 75
3719 15
3720 84
3721 79
3722 53
3723 54
3724 58
3725 30
3726 74
3727 94
3728 16
3729 84
3730 26
3731 16
3732 82
3733 68
3734 40
3735 85
3736 42
3737 86
3738 87
3739 85
3740 27
3741 75
3742 2
3743 54
3744 69
3745 23
3746 31
3747 90
3748 2
3749 35
3750 43
3751 11
3752 67
3753 66
3754 41
3755 43
3756 53
3757 52
3758 25
3759 80
3760 59
3761 21
3762 2
3763 49
3764 26
3765 37
3766 64
3767 72
3768 72
3769 36
3770 86
3771 47
3772 86
3773 1
3774 52
3775 43
3776 49
3777 88
3778 64
3779 20
3780 76
3781 53
3782 92
3783 23
3784 85
3785 17
3786 52
3787 43
3788 81
3789 23
3790 51
3791 85
3792 94
3793 56
3794 93
3795 19
3796 24
3797 24
3798 31
3799 52
3800 76
3801 29
3802 15
3803 74
3804 21
3805 34
3806 50
3807 98
3808 36
3809 61
3810 99
3811 45
3812 76
3813 42
3814 30
3815 41
3816 10
3817 64
3818 16
3819 54
3820 96
3821 7
3822 86
3823 95
3824 93
3825 84
3826 69
3827 89
3828 29
3829 64
3830 17
3831 29
3832 28
3833 63
3834 69
3835 35
3836 8
3837 30
3838 43
3839 15
3840 53
3841 89
3842 49
3843 1
3844 19
3845 94
3846 9
3847 34
3848 11
3849 71
3850 18
3851 61
3852 52
3853 59
3854 40
3855 4
3856 21
3857 24
3858 38
3859 30
3860 85
3861 90
3862 66
3863 39
3864 98
3865 8
3866 65
3867 16
3868 34
3869 19
3870 93
3871 54
3872 40
3873 43
3874 77
3875 10
3876 4
3877 82
3878 9
3879 58
3880 7
3881 58
3882 48
3883 62
3884 14
3885 96
3886 39
3887 5
3888 76
3889 6
3890 51
3891 29
3892 59
3893 29
3894 30
3895 46
3896 92
3897 18
3898 54
3899 15
3900 4
3901 36
3902 63
3903 86
3904 9
3905 45
3906 32
3907 94
3908 93
3909 66
3910 6
3911 56
3912 5
3913 77
3914 25
3915 52
3916 57
3917 65
3918 8
3919 82
3920 72
3921 73
3922 56
3923 75
3924 28
3925 6
3926 56
3927 89
3928 12
3929 39
3930 76
3931 60
3932 6
3933 79
3934 48
3935 33
3936 4
3937 42
3938 21
3939 60
3940 34
3941 33
3942 19
3943 17
3944 67
3945 32
3946 34
3947 12
3948 78
3949 34
3950 79
3951 31
3952 96
3953 21
3954 89
3955 42
3956 55
3957 0
3958 2
3959 29
3960 41
3961 54
3962 76
3963 89
3964 31
3965 68
3966 6
3967 72
3968 5
3969 94
3970 72
3971 25
3972 81
3973 0
3974 18
3975 37
3976 88
3977 68
3978 38
3979 64
3980 16
3981 5
3982 76
3983 19
3984 48
3985 21
3986 71
3987 73
3988 65
3989 68
3990 98
3991 30
3992 31
3993 54
3994 61
3995 76
3996 8
3997 56
3998 27
3999 78
4000 85
4001 24
4002 82
4003 12
4004 64
4005 46
4006 77
4007 44
4008 25
4009 43
4010 81
4011 83
4012 57
4013 19
4014 43
4015 91
4016 76
4017 39
4018 50
4019 85
4020 90
4021 30
4022 98
4023 28
4024 71
4025 81
4026 84
4027 48
4028 29
4029 55
4030 8
4031 70
4032 99
4033 94
4034 98
4035 69
4036 95
4037 64
4038 38
4039 82
4040 76
4041 22
4042 56
4043 69
4044 95
4045 87
4046 47
4047 99
4048 28
4049 6
4050 85
4051 28
4052 74
4053 53
4054 4
4055 70
4056 95
4057 70
4058 4
4059 93
4060 93
4061 84
4062 6
4063 99
4064 83
4065 15
4066 33
4067 40
4068 84
4069 93
4070 11
4071 34
4072 23
4073 97
4074 74
4075 78
4076 10
4077 94
4078 70
4079 31
4080 65
4081 14
4082 44
4083 32
4084 80
4085 25
4086 53
4087 18
4088 41
4089 17
4090 78
4091 0
4092 49
4093 43
4094 47
4095 62
4096 93
4097 95
4098 14
4099 82
4100 81
4101 66
4102 41
4103 25
4104 4
4105 37
4106 20
4107 7
4108 28
4109 47
4110 18
4111 26
4112 9
4113 47
4114 80
4115 49
4116 41
4117 8
4118 73
4119 10
4120 84
4121 49
4122 33
4123 80
4124 53
4125 89
4126 80
4127 31
4128 45
4129 94
4130 29
4131 34
4132 34
4133 94
4134 60
4135 59
4136 21
4137 16
4138 61
4139 55
4140 26
4141 87
4142 37
4143 61
4144 42
4145 97
4146 72
4147 69
4148 8
4149 19
4150 88
4151 67
4152 71
4153 76
4154 9
4155 69
4156 4
4157 86
4158 73
4159 18
4160 87
4161 76
4162 47
4163 0
4164 65
4165 98
4166 60
4167 32
4168 17
4169 7
4170 26
4171 71
4172 43
4173 45
4174 37
4175 8
4176 71
4177 60
4178 48
4179 6
4180 62
4181 20
4182 2
4183 44
4184 49
4185 93
4186 47
4187 44
4188 39
4189 73
4190 49
4191 50
4192 48
4193 85
4194 19
4195 80
4196 83
4197 6
4198 41
4199 88
4200 28
4201 23
4202 54
4203 33
4204 1
4205 63
4206 11
4207 95
4208 36
4209 64
4210 77
4211 43
4212 7
4213 19
4214 83
4215 15
4216 59
4217 96
4218 42
4219 4
4220 13
4221 51
4222 82
4223 92
4224 86
4225 53
4226 30
4227 47
4228 43
4229 69
4230 87
4231 34
4232 79
4233 10
4234 1
4235 71
4236 13
4237 65
4238 32
4239 22
4240 45
4241 41
4242 82
4243 44
4244 18
4245 27
4246 31
4247 14
4248 58
4249 77
4250 22
4251 97
4252 3
4253 83
4254 63
4255 20
4256 87
4257 16
4258 27
4259 88
4260 83
4261 63
4262 18
4263 23
4264 80
4265 93
4266 80
4267 12
4268 51
4269 32
4270 42
4271 16
4272 3
4273 7
4274 72
4275 86
4276 0
4277 85
4278 74
4279 10
4280 47
4281 56
4282 32
4283 87
4284 69
4285 18
4286 87
4287 90
4288 62
4289 98
4290 78
4291 99
4292 60
4293 57
4294 69
4295 71
4296 33
4297 73
4298 98
4299 65
4300 14
4301 88
4302 2
4303 66
4304 64
4305 10
4306 14
4307 52
4308 33
4309 48
4310 75
4311 34
4312 5
4313 17
4314 55
4315 79
4316 95
4317 19
4318 68
4319 14
4320 79
4321 39
4322 80
4323 69
4324 98
4325 99
4326 90
4327 1
4328 85
4329 20
4330 19
4331 45
4332 7
4333 80
4334 47
4335 52
4336 70
4337 26
4338 57
4339 94
4340 21
4341 25
4342 52
4343 48
4344 15
4345 16
4346 12
4347 27
4348 76
4349 31
4350 52
4351 87
4352 3
4353 59
4354 84
4355 81
4356 60
4357 36
4358 83
4359 83
4360 84
4361 80
4362 96
4363 28
4364 33
4365 20
4366 11
4367 6
4368 36
4369 67
4370 88
4371 5
4372 35
4373 87
4374 55
4375 54
4376 23
4377 81
4378 90
4379 2
4380 17
4381 37
4382 80
4383 2
4384 72
4385 23
4386 79
4387 15
4388 71
4389 4
4390 98
4391 39
4392 38
4393 23
4394 73
4395 34
4396 65
4397 93
4398 37
4399 60
4400 90
4401 97
4402 19
4403 15
4404 23
4405 87
4406 77
4407 49
4408 37
4409 20
4410 94
4411 97
4412 81
4413 62
4414 40
4415 27
4416 88
4417 5
4418 80
4419 47
4420 54
4421 40
4422 21
4423 38
4424 83
4425 3
4426 76
4427 12
4428 19
4429 39
4430 13
4431 97
4432 36
4433 9
4434 79
4435 2
4436 95
4437 33
4438 47
4439 77
4440 71
4441 37
4442 95
4443 42
4444 54
4445 69
4446 12
4447 86
4448 26
4449 90
4450 39
4451 10
4452 31
4453 20
4454 77
4455 20
4456 43
4457 3
4458 24
4459 84
4460 7
4461 73
4462 58
4463 66
4464 58
4465 97
4466 39
4467 10
4468 73
4469 79
4470 15
4471 74
4472 79
4473 64
4474 81
4475 96
4476 37
4477 91
4478 72
4479 18
4480 65
4481 30
4482 57
4483 51
4484 83
4485 19
4486 22
4487 52
4488 43
4489 2
4490 38
4491 53
4492 60
4493 40
4494 17
4495 7
4496 1
4497 62
4498 23
4499 41
4500 41
4501 28
4502 82
4503 95
4504 23
4505 73
4506 17
4507 59
4508 97
4509 64
4510 16
4511 17
4512 52
4513 86
4514 49
4515 94
4516 85
4517 90
4518 40
4519 20
4520 42
4521 26
4522 88
4523 16
4524 11
4525 35
4526 7
4527 92
4528 92
4529 41
4530 8
4531 65
4532 89
4533 42
4534 64
4535 10
4536 37
4537 21
4538 98
4539 60
4540 60
4541 43
4542 56
4543 45
4544 60
4545 20
4546 96
4547 60
4548 71
4549 32
4550 39
4551 86
4552 40
4553 66
4554 94
4555 39
4556 99
4557 67
4558 34
4559 24
4560 90
4561 80
4562 82
4563 33
4564 3
4565 57
4566 32
4567 21
4568 80
4569 38
4570 77
4571 14
4572 11
4573 72
4574 36
4575 10
4576 10
4577 37
4578 25
4579 83
4580 50
4581 62
4582 7
4583 51
4584 17
4585 38
4586 42
4587 93
4588 1
4589 39
4590 99
4591 12
4592 25
4593 80
4594 4
4595 26
4596 11
4597 34
4598 68
4599 28
4600 72
4601 69
4602 69
4603 1
4604 65
4605 36
4606 67
4607 98
4608 15
4609 22
4610 20
4611 90
4612 5
4613 71
4614 51
4615 34
4616 49
4617 45
4618 31
4619 98
4620 9
4621 80
4622 78
4623 36
4624 13
4625 42
4626 42
4627 43
4628 31
4629 33
4630 83
4631 5
4632 33
4633 79
4634 42
4635 17
4636 75
4637 15
4638 83
4639 83
4640 81
4641 53
4642 42
4643 66
4644 22
4645 60
4646 61
4647 33
4648 96
4649 45
4650 58
4651 23
4652 98
4653 77
4654 95
4655 52
4656 64
4657 68
4658 36
4659 88
4660 5
4661 41
4662 32
4663 90
4664 4
4665 62
4666 77
4667 99
4668 9
4669 60
4670 54
4671 63
4672 74
4673 48
4674 98
4675 1
4676 14
4677 85
4678 99
4679 62
4680 35
4681 21
4682 65
4683 99
4684 9
4685 11
4686 22
4687 76
4688 11
4689 28
4690 87
4691 89
4692 57
4693 15
4694 33
4695 0
4696 3
4697 99
4698 65
4699 70
4700 70
4701 0
4702 97
4703 87
4704 37
4705 61
4706 29
4707 6
4708 28
4709 32
4710 11
4711 98
4712 84
4713 93
4714 48
4715 98
4716 30
4717 18
4718 55
4719 23
4720 47
4721 80
4722 7
4723 7
4724 65
4725 82
4726 44
4727 67
4728 32
4729 79
4730 27
4731 10
4732 39
4733 90
4734 84
4735 70
4736 6
4737 18
4738 62
4739 57
4740 86
4741 24
4742 23
4743 65
4744 5
4745 49
4746 81
4747 52
4748 77
4749 13
4750 33
4751 18
4752 11
4753 46
4754 98
4755 48
4756 66
4757 63
4758 58
4759 39
4760 74
4761 36
4762 70
4763 36
4764 4
4765 55
4766 16
4767 31
4768 82
4769 13
4770 14
4771 94
4772 25
4773 83
4774 60
4775 38
4776 85
4777 13
4778 23
4779 66
4780 61
4781 20
4782 38
4783 49
4784 86
4785 56
4786 19
4787 55
4788 95
4789 37
4790 19
4791 43
4792 9
4793 7
4794 66
4795 79
4796 13
4797 82
4798 35
4799 5
4800 19
4801 80
4802 4
4803 98
4804 4
4805 89
4806 78
4807 63
4808 28
4809 69
4810 67
4811 43
4812 46
4813 20
4814 60
4815 60
4816 75
4817 32
4818 91
4819 89
4820 18
4821 37
4822 32
4823 85
4824 5
4825 37
4826 12
4827 7
4828 65
4829 80
4830 50
4831 89
4832 55
4833 73
4834 88
4835 96
4836 20
4837 43
4838 49
4839 50
4840 7
4841 41
4842 23
4843 15
4844 70
4845 65
4846 29
4847 26
4848 51
4849 1
4850 12
4851 12
4852 28
4853 86
4854 7
4855 47
4856 71
4857 77
4858 75
4859 32
4860 24
4861 76
4862 68
4863 43
4864 85
4865 38
4866 3
4867 64
4868 97
4869 61
4870 93
4871 12
4872 4
4873 17
4874 67
4875 3
4876 75
4877 46
4878 31
4879 80
4880 43
4881 46
4882 78
4883 51
4884 33
4885 77
4886 0
4887 77
4888 5
4889 58
4890 0
4891 95
4892 28
4893 47
4894 19
4895 91
4896 41
4897 86
4898 44
4899 75
4900 58
4901 90
4902 6
4903 32
4904 69
4905 85
4906 46
4907 5
4908 17
4909 27
4910 15
4911 62
4912 24
4913 41
4914 60
4915 54
4916 40
4917 13
4918 41
4919 77
4920 97
4921 70
4922 18
4923 11
4924 3
4925 56
4926 82
4927 80
4928 99
4929 44
4930 47
4931 56
4932 52
4933 7
4934 56
4935 8
4936 65
4937 9
4938 56
4939 24
4940 38
4941 61
4942 69
4943 56
4944 0
4945 5
4946 46
4947 46
4948 50
4949 19
4950 41
4951 13
4952 54
4953 67
4954 70
4955 40
4956 85
4957 24
4958 32
4959 15
4960 3
4961 30
4962 97
4963 99
4964 51
4965 79
4966 3
4967 74
4968 75
4969 13
4970 42
4971 29
4972 0
4973 88
4974 37
4975 30
4976 73
4977 57
4978 12
4979 57
4980 38
4981 10
4982 91
4983 67
4984 72
4985 75
4986 10
4987 87
4988 8
4989 38
4990 71
4991 36
4992 25
4993 95
4994 58
4995 77
4996 42
4997 99
4998 6
4999 71
5000 18
5001 77
5002 55
5003 54
5004 7
5005 7
5006 71
5007 95
5008 90
5009 47
5010 47
5011 70
5012 45
5013 15
5014 17
5015 69
5016 3
5017 21
5018 41
5019 58
5020 74
5021 15
5022 65
5023 43
5024 18
5025 79
5026 8
5027 56
5028 98
5029 98
5030 39
5031 75
5032 99
5033 53
5034 83
5035 22
5036 73
5037 39
5038 95
5039 20
5040 27
5041 14
5042 27
5043 18
5044 7
5045 66
5046 85
5047 83
5048 3
5049 72
5050 32
5051 72
5052 3
5053 99
5054 51
5055 71
5056 77
5057 54
5058 58
5059 18
5060 55
5061 93
5062 96
5063 34
5064 23
5065 82
5066 87
5067 21
5068 72
5069 59
5070 89
5071 65
5072 65
5073 38
5074 87
5075 75
5076 0
5077 54
5078 45
5079 91
5080 77
5081 46
5082 9
5083 34
5084 24
5085 49
5086 77
5087 78
5088 82
5089 20
5090 33
5091 83
5092 44
5093 23
5094 18
5095 3
5096 75
5097 2
5098 26
5099 95
5100 48
5101 12
5102 12
5103 18
5104 22
5105 67
5106 91
5107 80
5108 15
5109 40
5110 15
5111 11
5112 63
5113 70
5114 80
5115 58
5116 81
5117 29
5118 44
5119 10
5120 97
5121 28
5122 27
5123 33
5124 50
5125 61
5126 49
5127 47
5128 13
5129 22
5130 21
5131 81
5132 2
5133 13
5134 46
5135 66
5136 16
5137 77
5138 96
5139 57
5140 1
5141 71
5142 88
5143 64
5144 99
5145 80
5146 80
5147 91
5148 30
5149 37
5150 78
5151 88
5152 66
5153 88
5154 3
5155 98
5156 65
5157 42
5158 9
5159 94
5160 67
5161 47
5162 7
5163 26
5164 38
5165 63
5166 29
5167 43
5168 2
5169 72
5170 17
5171 30
5172 37
5173 23
5174 8
5175 82
5176 92
5177 51
5178 61
5179 9
5180 58
5181 10
5182 71
5183 31
5184 49
5185 11
5186 62
5187 85
5188 16
5189 67
5190 2
5191 40
5192 88
5193 75
5194 41
5195 47
5196 84
5197 70
5198 83
5199 31
5200 55
5201 60
5202 94
5203 60
5204 32
5205 93
5206 95
5207 69
5208 18
5209 81
5210 44
5211 56
5212 54
5213 50
5214 97
5215 89
5216 55
5217 69
5218 71
5219 15
5220 56
5221 39
5222 0
5223 76
5224 89
5225 3
5226 81
5227 10
5228 71
5229 69
5230 90
5231 86
5232 34
5233 61
5234 0
5235 2
5236 38
5237 53
5238 1
5239 36
5240 62
5241 97
5242 8
5243 69
5244 78
5245 25
5246 27
5247 16
5248 78
5249 30
5250 95
5251 59
5252 1
5253 55
5254 43
5255 52
5256 64
5257 24
5258 74
5259 61
5260 56
5261 48
5262 95
5263 18
5264 20
5265 59
5266 90
5267 73
5268 50
5269 18
5270 62
5271 64
5272 2
5273 55
5274 65
5275 67
5276 33
5277 54
5278 41
5279 57
5280 24
5281 50
5282 5
5283 41
5284 98
5285 47
5286 79
5287 10
5288 78
5289 20
5290 82
5291 27
5292 19
5293 92
5294 2
5295 33
5296 50
5297 26
5298 29
5299 91
5300 74
5301 29
5302 81
5303 65
5304 40
5305 51
5306 0
5307 22
5308 20
5309 10
5310 86
5311 16
5312 36
5313 13
5314 73
5315 25
5316 40
5317 58
5318 15
5319 19
5320 44
5321 77
5322 85
5323 13
5324 79
5325 53
5326 23
5327 41
5328 29
5329 26
5330 20
5331 70
5332 7
5333 89
5334 8
5335 35
5336 98
5337 29
5338 1
5339 95
5340 58
5341 92
5342 79
5343 48
5344 54
5345 52
5346 8
5347 72
5348 10
5349 44
5350 65
5351 22
5352 9
5353 29
5354 99
5355 22
5356 33
5357 58
5358 58
5359 80
5360 27
5361 23
5362 76
5363 93
5364 36
5365 63
5366 41
5367 9
5368 90
5369 21
5370 58
5371 89
5372 44
5373 53
5374 53
5375 27
5376 55
5377 25
5378 13
5379 80
5380 62
5381 2
5382 43
5383 81
5384 45
5385 26
5386 73
5387 74
5388 48
5389 47
5390 47
5391 38
5392 58
5393 93
5394 8
5395 37
5396 91
5397 42
5398 98
5399 45
5400 99
5401 99
5402 58
5403 88
5404 46
5405 60
5406 34
5407 83
5408 85
5409 97
5410 97
5411 15
5412 46
5413 0
5414 63
5415 82
5416 92
5417 26
5418 66
5419 41
5420 97
5421 33
5422 17
5423 65
5424 97
5425 88
5426 80
5427 85
5428 92
5429 67
5430 89
5431 73
5432 17
5433 75
5434 90
5435 9
5436 20
5437 10
5438 99
5439 77
5440 50
5441 96
5442 3
5443 41
5444 2
5445 57
5446 51
5447 46
5448 90
5449 27
5450 95
5451 44
5452 28
5453 4
5454 2
5455 67
5456 77
5457 37
5458 1
5459 73
5460 25
5461 62
5462 55
5463 58
5464 73
5465 93
5466 36
5467 22
5468 13
5469 71
5470 88
5471 36
5472 96
5473 26
5474 36
5475 5
5476 23
5477 86
5478 76
5479 57
5480 96
5481 55
5482 47
5483 45
5484 93
5485 35
5486 52
5487 81
5488 16
5489 6
5490 14
5491 37
5492 8
5493 30
5494 32
5495 95
5496 81
5497 54
5498 56
5499 53
5500 38
5501 78
5502 85
5503 78
5504 77
5505 84
5506 70
5507 43
5508 21
5509 6
5510 74
5511 66
5512 8
5513 96
5514 95
5515 67
5516 95
5517 59
5518 61
5519 11
5520 91
5521 20
5522 44
5523 50
5524 86
5525 7
5526 8
5527 62
5528 11
5529 84
5530 16
5531 54
5532 46
5533 27
5534 38
5535 49
5536 96
5537 48
5538 44
5539 7
5540 96
5541 38
5542 29
5543 50
5544 88
5545 53
5546 6
5547 11
5548 15
5549 35
5550 51
5551 21
5552 87
5553 48
5554 85
5555 87
5556 94
5557 34
5558 15
5559 93
5560 18
5561 48
5562 94
5563 39
5564 66
5565 91
5566 75
5567 94
5568 54
5569 87
5570 27
5571 29
5572 95
5573 13
5574 97
5575 78
5576 99
5577 62
5578 88
5579 43
5580 44
5581 28
5582 63
5583 94
5584 67
5585 76
5586 36
5587 44
5588 89
5589 82
5590 69
5591 21
5592 34
5593 30
5594 66
5595 6
5596 22
5597 42
5598 51
5599 49
5600 29
5601 6
5602 53
5603 54
5604 3
5605 64
5606 50
5607 11
5608 77
5609 66
5610 74
5611 78
5612 79
5613 37
5614 97
5615 7
5616 11
5617 21
5618 83
5619 49
5620 18
5621 49
5622 26
5623 2
5624 35
5625 38
5626 59
5627 18
5628 94
5629 67
5630 20
5631 10
5632 83
5633 23
5634 6
5635 65
5636 67
5637 86
5638 87
5639 56
5640 22
5641 83
5642 15
5643 76
5644 12
5645 87
5646 74
5647 60
5648 43
5649 20
5650 38
5651 7
5652 11
5653 92
5654 61
5655 27
5656 57
5657 65
5658 61
5659 8
5660 1
5661 74
5662 20
5663 28
5664 26
5665 20
5666 1
5667 27
5668 12
5669 16
5670 82
5671 72
5672 74
5673 24
5674 88
5675 18
5676 6
5677 13
5678 91
5679 81
5680 87
5681 43
5682 13
5683 33
5684 78
5685 73
5686 52
5687 46
5688 53
5689 53
5690 73
5691 66
5692 63
5693 28
5694 21
5695 24
5696 60
5697 15
5698 18
5699 50
5700 2
5701 1
5702 62
5703 78
5704 22
5705 77
5706 20
5707 59
5708 10
5709 16
5710 47
5711 70
5712 20
5713 16
5714 1
5715 35
5716 7
5717 44
5718 73
5719 17
5720 77
5721 3
5722 22
5723 34
5724 6
5725 9
5726 9
5727 90
5728 96
5729 38
5730 98
5731 60
5732 12
5733 22
5734 90
5735 83
5736 69
5737 70
5738 87
5739 11
5740 40
5741 56
5742 9
5743 90
5744 32
5745 97
5746 54
5747 30
5748 28
5749 12
5750 70
5751 61
5752 27
5753 68
5754 33
5755 88
5756 76
5757 24
5758 25
5759 2
5760 82
5761 3
5762 32
5763 13
5764 71
5765 2
5766 95
5767 55
5768 46
5769 63
5770 66
5771 86
5772 63
5773 55
5774 1
5775 90
5776 61
5777 60
5778 99
5779 61
5780 75
5781 14
5782 69
5783 5
5784 10
5785 70
5786 97
5787 74
5788 58
5789 98
5790 33
5791 63
5792 11
5793 80
5794 96
5795 11
5796 63
5797 86
5798 77
5799 1
5800 99
5801 63
5802 68
5803 93
5804 76
5805 28
5806 42
5807 62
5808 10
5809 87
5810 72
5811 88
5812 28
5813 41
5814 79
5815 27
5816 14
5817 95
5818 95
5819 38
5820 55
5821 74
5822 53
5823 35
5824 53
5825 51
5826 51
5827 40
5828 32
5829 98
5830 17
5831 67
5832 48
5833 68
5834 30
5835 87
5836 23
5837 73
5838 50
5839 34
5840 51
5841 20
5842 77
5843 39
5844 72
5845 38
5846 96
5847 81
5848 55
5849 77
5850 81
5851 59
5852 72
5853 89
5854 17
5855 12
5856 50
5857 74
5858 49
5859 31
5860 17
5861 5
5862 89
5863 71
5864 19
5865 37
5866 19
5867 96
5868 4
5869 58
5870 35
5871 17
5872 20
5873 26
5874 59
5875 39
5876 63
5877 0
5878 8
5879 76
5880 18
5881 18
5882 10
5883 62
5884 89
5885 14
5886 89
5887 67
5888 33
5889 83
5890 60
5891 8
5892 26
5893 32
5894 30
5895 66
5896 25
5897 42
5898 12
5899 45
5900 86
5901 45
5902 70
5903 68
5904 74
5905 0
5906 18
5907 31
5908 65
5909 0
5910 87
5911 4
5912 53
5913 16
5914 79
5915 1
5916 21
5917 2
5918 13
5919 23
5920 22
5921 36
5922 90
5923 4
5924 1
5925 26
5926 47
5927 95
5928 95
5929 32
5930 39
5931 84
5932 45
5933 59
5934 56
5935 59
5936 59
5937 8
5938 21
5939 95
5940 49
5941 45
5942 25
5943 92
5944 34
5945 45
5946 18
5947 22
5948 53
5949 72
5950 73
5951 90
5952 77
5953 16
5954 87
5955 74
5956 52
5957 11
5958 94
5959 52
5960 56
5961 89
5962 43
5963 52
5964 19
5965 94
5966 51
5967 18
5968 41
5969 49
5970 12
5971 52
5972 80
5973 88
5974 94
5975 82
5976 80
5977 23
5978 87
5979 85
5980 5
5981 89
5982 28
5983 98
5984 42
5985 15
5986 70
5987 54
5988 8
5989 48
5990 74
5991 7
5992 80
5993 62
5994 1
5995 10
5996 30
5997 34
5998 0
5999 73
6000 35
6001 70
6002 27
6003 53
6004 21
6005 5
6006 21
6007 4
6008 11
6009 68
6010 21
6011 68
6012 80
6013 85
6014 64
6015 84
6016 93
6017 20
6018 67
6019 40
6020 76
6021 45
6022 70
6023 81
6024 55
6025 59
6026 71
6027 20
6028 70
6029 6
6030 31
6031 19
6032 49
6033 97
6034 92
6035 30
6036 66
6037 71
6038 8
6039 99
6040 35
6041 95
6042 40
6043 89
6044 39
6045 23
6046 19
6047 19
6048 19
6049 53
6050 59
6051 57
6052 53
6053 9
6054 8
6055 42
6056 49
6057 36
6058 1
6059 73
6060 64
6061 35
6062 91
6063 33
6064 43
6065 49
6066 88
6067 7
6068 88
6069 14
6070 97
6071 99
6072 84
6073 47
6074 1
6075 3
6076 17
6077 95
6078 18
6079 93
6080 15
6081 81
6082 33
6083 76
6084 75
6085 5
6086 78
6087 78
6088 86
6089 53
6090 50
6091 5
6092 56
6093 88
6094 74
6095 27
6096 33
6097 50
6098 41
6099 85
6100 78
6101 19
6102 69
6103 11
6104 43
6105 22
6106 15
6107 10
6108 52
6109 38
6110 93
6111 8
6112 5
6113 8
6114 62
6115 14
6116 93
6117 52
6118 49
6119 4
6120 51
6121 55
6122 34
6123 60
6124 30
6125 94
6126 55
6127 29
6128 68
6129 12
6130 34
6131 35
6132 34
6133 98
6134 73
6135 96
6136 54
6137 91
6138 10
6139 11
6140 62
6141 52
6142 64
6143 93
6144 29
6145 78
6146 61
6147 93
6148 92
6149 83
6150 58
6151 65
6152 91
6153 88
6154 38
6155 31
6156 49
6157 52
6158 85
6159 10
6160 98
6161 47
6162 44
6163 13
6164 57
6165 62
6166 59
6167 46
6168 83
6169 38
6170 3
6171 1
6172 39
6173 0
6174 83
6175 64
6176 11
6177 91
6178 98
6179 47
6180 51
6181 90
6182 55
6183 1
6184 10
6185 85
6186 81
6187 29
6188 18
6189 55
6190 2
6191 0
6192 77
6193 31
6194 50
6195 88
6196 86
6197 23
6198 92
6199 41
6200 45
6201 15
6202 73
6203 60
6204 45
6205 23
6206 14
6207 33
6208 79
6209 71
6210 74
6211 95
6212 36
6213 27
6214 57
6215 52
6216 32
6217 31
6218 71
6219 51
6220 49
6221 59
6222 68
6223 29
6224 48
6225 24
6226 16
6227 34
6228 42
6229 34
6230 48
6231 25
6232 60
6233 18
6234 93
6235 13
6236 97
6237 12
6238 17
6239 11
6240 38
6241 58
6242 40
6243 98
6244 73
6245 53
6246 48
6247 41
6248 1
6249 52
6250 5
6251 63
6252 61
6253 70
6254 16
6255 30
6256 51
6257 2
6258 43
6259 45
6260 61
6261 63
6262 59
6263 93
6264 60
6265 54
6266 54
6267 47
6268 94
6269 71
6270 12
6271 84
6272 70
6273 64
6274 13
6275 90
6276 18
6277 30
6278 71
6279 46
6280 45
6281 85
6282 43
6283 95
6284 31
6285 23
6286 98
6287 98
6288 90
6289 97
6290 43
6291 5
6292 31
6293 5
6294 96
6295 99
6296 58
6297 57
6298 61
6299 70
6300 2
6301 62
6302 10
6303 2
6304 57
6305 69
6306 60
6307 41
6308 65
6309 74
6310 48
6311 45
6312 37
6313 79
6314 7
6315 38
6316 90
6317 20
6318 78
6319 15
6320 50
6321 37
6322 46
6323 33
6324 95
6325 25
6326 77
6327 48
6328 8
6329 86
6330 17
6331 78
6332 94
6333 2
6334 13
6335 57
6336 82
6337 9
6338 25
6339 55
6340 79
6341 86
6342 58
6343 99
6344 7
6345 4
6346 35
6347 53
6348 4
6349 29
6350 16
6351 47
6352 89
6353 10
6354 18
6355 40
6356 9
6357 98
6358 85
6359 31
6360 40
6361 57
6362 78
6363 92
6364 6
6365 10
6366 31
6367 35
6368 25
6369 16
6370 1
6371 70
6372 27
6373 6
6374 12
6375 55
6376 13
6377 10
6378 7
6379 99
6380 46
6381 79
6382 68
6383 31
6384 17
6385 64
6386 11
6387 53
6388 15
6389 29
6390 51
6391 3
6392 97
6393 78
6394 85
6395 38
6396 21
6397 11
6398 74
6399 30
6400 19
6401 46
6402 11
6403 24
6404 43
6405 49
6406 92
6407 7
6408 10
6409 47
6410 86
6411 52
6412 27
6413 66
6414 78
6415 6
6416 1
6417 87
6418 72
6419 53
6420 39
6421 1
6422 44
6423 11
6424 67
6425 9
6426 85
6427 75
6428 0
6429 96
6430 8
6431 95
6432 86
6433 3
6434 56
6435 68
6436 28
6437 95
6438 72
6439 45
6440 18
6441 73
6442 24
6443 4
6444 57
6445 61
6446 6
6447 22
6448 73
6449 31
6450 45
6451 30
6452 10
6453 23
6454 97
6455 60
6456 30
6457 26
6458 22
6459 4
6460 78
6461 99
6462 90
6463 26
6464 36
6465 80
6466 23
6467 79
6468 86
6469 26
6470 57
6471 82
6472 53
6473 70
6474 42
6475 4
6476 97
6477 69
6478 71
6479 93
6480 49
6481 53
6482 79
6483 51
6484 63
6485 7
6486 56
6487 22
6488 82
6489 58
6490 17
6491 51
6492 92
6493 24
6494 12
6495 43
6496 99
6497 47
6498 48
6499 79
6500 48
6501 11
6502 7
6503 30
6504 4
6505 16
6506 19
6507 74
6508 18
6509 5
6510 99
6511 44
6512 97
6513 47
6514 17
6515 56
6516 55
6517 84
6518 34
6519 1
6520 16
6521 31
6522 62
6523 27
6524 54
6525 92
6526 70
6527 30
6528 61
6529 93
6530 48
6531 62
6532 91
6533 0
6534 34
6535 72
6536 53
6537 58
6538 48
6539 21
6540 38
6541 66
6542 84
6543 23
6544 30
6545 62
6546 56
6547 50
6548 18
6549 98
6550 55
6551 20
6552 59
6553 78
6554 56
6555 44
6556 84
6557 78
6558 0
6559 22
6560 89
6561 74
6562 94
6563 16
6564 82
6565 97
6566 66
6567 61
6568 22
6569 67
6570 64
6571 14
6572 62
6573 55
6574 48
6575 82
6576 95
6577 50
6578 74
6579 24
6580 15
6581 50
6582 63
6583 28
6584 98
6585 19
6586 19
6587 71
6588 89
6589 47
6590 42
6591 40
6592 12
6593 15
6594 31
6595 47
6596 62
6597 1
6598 59
6599 57
6600 46
6601 37
6602 83
6603 31
6604 61
6605 65
6606 57
6607 68
6608 71
6609 96
6610 2
6611 94
6612 11
6613 16
6614 54
6615 77
6616 95
6617 98
6618 75
6619 51
6620 69
6621 31
6622 63
6623 80
6624 36
6625 14
6626 62
6627 29
6628 67
6629 85
6630 5
6631 24
6632 21
6633 83
6634 10
6635 91
6636 97
6637 71
6638 8
6639 18
6640 92
6641 26
6642 78
6643 92
6644 58
6645 7
6646 19
6647 11
6648 42
6649 36
6650 85
6651 40
6652 50
6653 93
6654 57
6655 49
6656 23
6657 37
6658 79
6659 17
6660 49
6661 16
6662 96
6663 98
6664 83
6665 89
6666 64
6667 70
6668 35
6669 66
6670 65
6671 40
6672 5
6673 66
6674 18
6675 43
6676 67
6677 15
6678 84
6679 38
6680 97
6681 99
6682 77
6683 74
6684 54
6685 46
6686 6
6687 5
6688 43
6689 62
6690 43
6691 7
6692 3
6693 55
6694 35
6695 38
6696 57
6697 75
6698 22
6699 65
6700 6
6701 17
6702 40
6703 70
6704 51
6705 6
6706 34
6707 86
6708 59
6709 93
6710 96
6711 49
6712 81
6713 36
6714 86
6715 62
6716 34
6717 49
6718 76
6719 86
6720 98
6721 14
6722 66
6723 16
6724 22
6725 14
6726 56
6727 6
6728 53
6729 80
6730 67
6731 71
6732 15
6733 61
6734 5
6735 36
6736 4
6737 32
6738 31
6739 78
6740 21
6741 17
6742 34
6743 37
6744 47
6745 24
6746 56
6747 27
6748 17
6749 54
6750 13
6751 13
6752 67
6753 94
6754 58
6755 79
6756 49
6757 40
6758 33
6759 84
6760 61
6761 98
6762 75
6763 60
6764 22
6765 17
6766 39
6767 37
6768 70
6769 2
6770 69
6771 1
6772 7
6773 2
6774 67
6775 98
6776 38
6777 17
6778 27
6779 9
6780 52
6781 98
6782 82
6783 9
6784 70
6785 13
6786 1
6787 4
6788 97
6789 41
6790 3
6791 13
6792 0
6793 56
6794 47
6795 80
6796 42
6797 94
6798 4
6799 86
6800 36
6801 42
6802 71
6803 49
6804 95
6805 77
6806 8
6807 36
6808 6
6809 92
6810 52
6811 45
6812 55
6813 81
6814 99
6815 60
6816 8
6817 10
6818 47
6819 68
6820 82
6821 54
6822 27
6823 32
6824 78
6825 2
6826 70
6827 12
6828 32
6829 64
6830 51
6831 11
6832 81
6833 90
6834 73
6835 69
6836 33
6837 69
6838 79
6839 6
6840 91
6841 26
6842 87
6843 62
6844 17
6845 34
6846 8
6847 28
6848 63
6849 79
6850 67
6851 78
6852 67
6853 75
6854 59
6855 22
6856 87
6857 44
6858 37
6859 27
6860 48
6861 74
6862 15
6863 76
6864 11
6865 60
6866 27
6867 66
6868 58
6869 67
6870 53
6871 57
6872 21
6873 45
6874 11
6875 8
6876 23
6877 98
6878 61
6879 62
6880 97
6881 22
6882 29
6883 78
6884 13
6885 67
6886 20
6887 4
6888 15
6889 34
6890 47
6891 61
6892 37
6893 36
6894 38
6895 52
6896 78
6897 6
6898 50
6899 90
6900 78
6901 10
6902 2
6903 9
6904 68
6905 7
6906 40
6907 35
6908 61
6909 61
6910 22
6911 22
6912 33
6913 17
6914 62
6915 8
6916 4
6917 38
6918 62
6919 52
6920 63
6921 20
6922 0
6923 7
6924 76
6925 99
6926 18
6927 69
6928 24
6929 90
6930 62
6931 71
6932 89
6933 27
6934 46
6935 94
6936 37
6937 74
6938 47
6939 32
6940 2
6941 29
6942 95
6943 76
6944 35
6945 23
6946 49
6947 29
6948 15
6949 13
6950 97
6951 10
6952 97
6953 70
6954 81
6955 39
6956 93
6957 95
6958 12
6959 69
6960 31
6961 71
6962 98
6963 77
6964 62
6965 9
6966 97
6967 4
6968 42
6969 12
6970 75
6971 34
6972 79
6973 53
6974 68
6975 87
6976 55
6977 27
6978 14
6979 28
6980 19
6981 36
6982 8
6983 8
6984 71
6985 88
6986 41
6987 84
6988 7
6989 67
6990 84
6991 60
6992 77
6993 33
6994 82
6995 42
6996 10
6997 61
6998 30
6999 82
7000 33
7001 96
7002 76
7003 69
7004 16
7005 71
7006 24
7007 48
7008 97
7009 95
7010 94
7011 9
7012 24
7013 46
7014 85
7015 40
7016 92
7017 94
7018 17
7019 67
7020 75
7021 32
7022 82
7023 20
7024 0
7025 99
7026 75
7027 4
7028 16
7029 99
7030 47
7031 9
7032 49
7033 45
7034 35
7035 50
7036 80
7037 87
7038 33
7039 31
7040 45
7041 62
7042 93
7043 48
7044 93
7045 36
7046 90
7047 3
7048 88
7049 29
7050 92
7051 94
7052 17
7053 65
7054 50
7055 67
7056 79
7057 19
7058 68
7059 6
7060 58
7061 18
7062 30
7063 25
7064 19
7065 57
7066 63
7067 67
7068 68
7069 82
7070 97
7071 16
7072 84
7073 64
7074 17
7075 94
7076 31
7077 17
7078 85
7079 33
7080 91
7081 3
7082 47
7083 76
7084 52
7085 23
7086 64
7087 30
7088 62
7089 52
7090 57
7091 28
7092 33
7093 22
7094 37
7095 14
7096 5
7097 7
7098 69
7099 35
7100 64
7101 84
7102 73
7103 39
7104 65
7105 37
7106 53
7107 26
7108 6
7109 78
7110 56
7111 5
7112 98
7113 45
7114 1
7115 73
7116 69
7117 41
7118 11
7119 5
7120 14
7121 10
7122 87
7123 63
7124 20
7125 12
7126 74
7127 96
7128 32
7129 78
7130 76
7131 55
7132 43
7133 68
7134 81
7135 31
7136 20
7137 72
7138 82
7139 16
7140 17
7141 94
7142 97
7143 85
7144 11
7145 63
7146 10
7147 89
7148 84
7149 12
7150 93
7151 0
7152 13
7153 73
7154 25
7155 74
7156 69
7157 32
7158 70
7159 70
7160 57
7161 76
7162 0
7163 29
7164 90
7165 54
7166 93
7167 1
7168 17
7169 15
7170 22
7171 45
7172 41
7173 90
7174 26
7175 87
7176 64
7177 86
7178 83
7179 37
7180 0
7181 91
7182 69
7183 15
7184 61
7185 93
7186 44
7187 17
7188 57
7189 29
7190 77
7191 81
7192 71
7193 44
7194 10
7195 64
7196 61
7197 99
7198 41
7199 41
7200 68
7201 13
7202 9
7203 60
7204 22
7205 37
7206 28
7207 96
7208 52
7209 84
7210 99
7211 56
7212 58
7213 91
7214 62
7215 57
7216 8
7217 14
7218 3
7219 69
7220 75
7221 31
7222 23
7223 57
7224 66
7225 10
7226 82
7227 12
7228 71
7229 23
7230 97
7231 51
7232 81
7233 46
7234 13
7235 13
7236 43
7237 16
7238 23
7239 40
7240 75
7241 70
7242 34
7243 87
7244 34
7245 95
7246 41
7247 51
7248 76
7249 8
7250 10
7251 33
7252 76
7253 75
7254 40
7255 9
7256 10
7257 66
7258 10
7259 41
7260 57
7261 85
7262 13
7263 90
7264 57
7265 78
7266 97
7267 12
7268 41
7269 74
7270 3
7271 58
7272 69
7273 61
7274 97
7275 12
7276 67
7277 56
7278 19
7279 37
7280 97
7281 3
7282 66
7283 1
7284 72
7285 97
7286 84
7287 7
7288 87
7289 8
7290 17
7291 56
7292 82
7293 98
7294 1
7295 11
7296 82
7297 17
7298 94
7299 74
7300 0
7301 64
7302 16
7303 3
7304 50
7305 87
7306 27
7307 5
7308 46
7309 26
7310 2
7311 42
7312 1
7313 31
7314 11
7315 41
7316 27
7317 48
7318 3
7319 77
7320 9
7321 44
7322 76
7323 12
7324 12
7325 93
7326 48
7327 14
7328 70
7329 15
7330 90
7331 26
7332 83
7333 10
7334 41
7335 72
7336 7
7337 61
7338 85
7339 89
7340 26
7341 12
7342 67
7343 12
7344 85
7345 80
7346 59
7347 38
7348 0
7349 97
7350 29
7351 96
7352 85
7353 97
7354 77
7355 41
7356 72
7357 63
7358 0
7359 19
7360 52
7361 68
7362 73
7363 72
7364 15
7365 99
7366 80
7367 6
7368 98
7369 92
7370 26
7371 93
7372 52
7373 66
7374 58
7375 5
7376 62
7377 6
7378 16
7379 15
7380 92
7381 71
7382 21
7383 44
7384 58
7385 57
7386 59
7387 0
7388 49
7389 59
7390 11
7391 74
7392 48
7393 53
7394 85
7395 49
7396 84
7397 79
7398 87
7399 4
7400 97
7401 46
7402 23
7403 96
7404 12
7405 49
7406 87
7407 98
7408 90
7409 1
7410 78
7411 56
7412 30
7413 83
7414 89
7415 80
7416 20
7417 59
7418 39
7419 44
7420 45
7421 30
7422 63
7423 86
7424 15
7425 72
7426 93
7427 92
7428 29
7429 63
7430 60
7431 68
7432 99
7433 77
7434 15
7435 94
7436 94
7437 85
7438 1
7439 19
7440 55
7441 65
7442 64
7443 5
7444 71
7445 92
7446 3
7447 85
7448 55
7449 8
7450 44
7451 17
7452 49
7453 91
7454 58
7455 76
7456 51
7457 82
7458 10
7459 9
7460 39
7461 19
7462 69
7463 44
7464 16
7465 40
7466 26
7467 63
7468 73
7469 33
7470 30
7471 3
7472 44
7473 50
7474 6
7475 31
7476 31
7477 95
7478 4
7479 76
7480 3
7481 42
7482 95
7483 24
7484 4
7485 55
7486 77
7487 56
7488 38
7489 75
7490 90
7491 48
7492 9
7493 14
7494 55
7495 66
7496 97
7497 58
7498 97
7499 48
7500 58
7501 42
7502 29
7503 75
7504 22
7505 41
7506 25
7507 93
7508 37
7509 76
7510 97
7511 70
7512 28
7513 26
7514 15
7515 11
7516 76
7517 37
7518 8
7519 82
7520 38
7521 3
7522 65
7523 22
7524 52
7525 9
7526 6
7527 70
7528 64
7529 13
7530 23
7531 91
7532 24
7533 99
7534 97
7535 19
7536 55
7537 64
7538 76
7539 48
7540 54
7541 62
7542 64
7543 66
7544 59
7545 12
7546 56
7547 36
7548 98
7549 66
7550 3
7551 89
7552 29
7553 51
7554 14
7555 94
7556 40
7557 51
7558 11
7559 6
7560 99
7561 55
7562 81
7563 95
7564 32
7565 80
7566 68
7567 31
7568 56
7569 44
7570 48
7571 94
7572 94
7573 89
7574 58
7575 82
7576 90
7577 44
7578 15
7579 39
7580 49
7581 26
7582 86
7583 98
7584 2
7585 41
7586 21
7587 4
7588 33
7589 13
7590 36
7591 44
7592 88
7593 90
7594 2
7595 69
7596 98
7597 67
7598 56
7599 79
7600 90
7601 17
7602 32
7603 61
7604 84
7605 42
7606 35
7607 8
7608 51
7609 98
7610 31
7611 2
7612 47
7613 52
7614 57
7615 37
7616 22
7617 62
7618 62
7619 1
7620 50
7621 30
7622 25
7623 73
7624 97
7625 5
7626 22
7627 7
7628 6
7629 53
7630 58
7631 70
7632 16
7633 64
7634 0
7635 88
7636 17
7637 29
7638 18
7639 62
7640 37
7641 75
7642 45
7643 27
7644 53
7645 56
7646 31
7647 58
7648 27
7649 59
7650 90
7651 44
7652 16
7653 95
7654 44
7655 1
7656 89
7657 0
7658 94
7659 4
7660 11
7661 17
7662 62
7663 38
7664 70
7665 27
7666 69
7667 88
7668 37
7669 1
7670 21
7671 12
7672 12
7673 13
7674 64
7675 33
7676 66
7677 11
7678 90
7679 13
7680 43
7681 94
7682 29
7683 81
7684 14
7685 79
7686 68
7687 76
7688 93
7689 22
7690 25
7691 12
7692 38
7693 49
7694 12
7695 37
7696 84
7697 72
7698 82
7699 55
7700 79
7701 6
7702 23
7703 72
7704 21
7705 61
7706 80
7707 25
7708 43
7709 57
7710 60
7711 5
7712 52
7713 44
7714 46
7715 52
7716 1
7717 35
7718 28
7719 5
7720 79
7721 1
7722 8
7723 12
7724 74
7725 73
7726 84
7727 3
7728 74
7729 13
7730 15
7731 79
7732 48
7733 69
7734 79
7735 16
7736 6
7737 67
7738 38
7739 34
7740 60
7741 73
7742 43
7743 31
7744 68
7745 94
7746 57
7747 86
7748 25
7749 70
7750 10
7751 22
7752 84
7753 36
7754 6
7755 47
7756 96
7757 38
7758 22
7759 26
7760 25
7761 40
7762 53
7763 24
7764 64
7765 22
7766 71
7767 62
7768 77
7769 32
7770 13
7771 40
7772 76
7773 64
7774 97
7775 79
7776 94
7777 14
7778 19
7779 54
7780 82
7781 25
7782 48
7783 29
7784 97
7785 79
7786 67
7787 65
7788 8
7789 51
7790 10
7791 36
7792 3
7793 19
7794 44
7795 52
7796 42
7797 52
7798 93
7799 63
7800 32
7801 74
7802 86
7803 51
7804 73
7805 21
7806 47
7807 65
7808 78
7809 18
7810 63
7811 68
7812 51
7813 16
7814 72
7815 30
7816 29
7817 30
7818 80
7819 18
7820 97
7821 77
7822 40
7823 42
7824 62
7825 24
7826 19
7827 25
7828 27
7829 68
7830 78
7831 42
7832 73
7833 71
7834 36
7835 11
7836 28
7837 97
7838 17
7839 33
7840 37
7841 13
7842 97
7843 57
7844 64
7845 54
7846 56
7847 31
7848 56
7849 77
7850 32
7851 71
7852 64
7853 76
7854 43
7855 8
7856 65
7857 57
7858 90
7859 34
7860 30
7861 57
7862 66
7863 74
7864 3
7865 37
7866 15
7867 45
7868 60
7869 35
7870 63
7871 46
7872 29
7873 54
7874 22
7875 51
7876 31
7877 27
7878 21
7879 86
7880 50
7881 92
7882 48
7883 71
7884 65
7885 23
7886 17
7887 58
7888 56
7889 52
7890 25
7891 32
7892 17
7893 24
7894 2
7895 38
7896 67
7897 6
7898 4
7899 88
7900 63
7901 4
7902 53
7903 41
7904 88
7905 43
7906 42
7907 28
7908 26
7909 28
7910 31
7911 8
7912 27
7913 71
7914 71
7915 86
7916 71
7917 50
7918 80
7919 75
7920 63
7921 3
7922 29
7923 6
7924 29
7925 28
7926 28
7927 59
7928 83
7929 28
7930 98
7931 29
7932 65
7933 43
7934 95
7935 58
7936 33
7937 2
7938 7
7939 8
7940 82
7941 73
7942 98
7943 85
7944 24
7945 38
7946 45
7947 29
7948 51
7949 22
7950 53
7951 97
7952 71
7953 88
7954 74
7955 80
7956 29
7957 90
7958 68
7959 89
7960 65
7961 93
7962 58
7963 50
7964 28
7965 33
7966 5
7967 96
7968 40
7969 41
7970 55
7971 37
7972 6
7973 85
7974 82
7975 1
7976 7
7977 37
7978 31
7979 18
7980 73
7981 47
7982 88
7983 22
7984 50
7985 14
7986 71
7987 86
7988 23
7989 53
7990 92
7991 31
7992 87
7993 95
7994 19
7995 1
7996 10
7997 33
7998 62
7999 61
8000 5
8001 7
8002 10
8003 61
8004 95
8005 8
8006 46
8007 56
8008 10
8009 40
8010 16
8011 32
8012 16
8013 0
8014 61
8015 82
8016 54
8017 97
8018 48
8019 28
8020 48
8021 54
8022 27
8023 19
8024 19
8025 36
8026 93
8027 30
8028 31
8029 36
8030 76
8031 47
8032 48
8033 36
8034 91
8035 3
8036 85
8037 88
8038 60
8039 13
8040 40
8041 39
8042 9
8043 76
8044 57
8045 50
8046 8
8047 43
8048 54
8049 92
8050 66
8051 95
8052 0
8053 21
8054 92
8055 71
8056 44
8057 26
8058 89
8059 59
8060 1
8061 33
8062 89
8063 51
8064 73
8065 11
8066 46
8067 44
8068 23
8069 26
8070 55
8071 25
8072 17
8073 14
8074 89
8075 8
8076 24
8077 56
8078 93
8079 31
8080 50
8081 25
8082 44
8083 10
8084 14
8085 5
8086 1
8087 64
8088 58
8089 51
8090 23
8091 58
8092 34
8093 13
8094 67
8095 53
8096 17
8097 46
8098 32
8099 11
8100 2
8101 16
8102 30
8103 48
8104 45
8105 78
8106 88
8107 83
8108 16
8109 79
8110 4
8111 20
8112 94
8113 87
8114 70
8115 18
8116 47
8117 2
8118 16
8119 73
8120 22
8121 22
8122 29
8123 66
8124 94
8125 56
8126 48
8127 20
8128 47
8129 32
8130 52
8131 12
8132 62
8133 98
8134 62
8135 25
8136 5
8137 33
8138 67
8139 89
8140 50
8141 50
8142 81
8143 27
8144 50
8145 94
8146 73
8147 69
8148 54
8149 13
8150 71
8151 76
8152 98
8153 51
8154 61
8155 51
8156 82
8157 61
8158 21
8159 6
8160 55
8161 65
8162 71
8163 35
8164 74
8165 80
8166 12
8167 10
8168 75
8169 44
8170 78
8171 58
8172 2
8173 98
8174 84
8175 31
8176 87
8177 38
8178 28
8179 85
8180 64
8181 34
8182 12
8183 91
8184 68
8185 37
8186 95
8187 34
8188 78
8189 40
8190 74
8191 85
8192 49
8193 29
8194 24
8195 33
8196 95
8197 0
8198 30
8199 29
8200 29
8201 35
8202 83
8203 39
8204 51
8205 18
8206 84
8207 47
8208 67
8209 63
8210 24
8211 82
8212 17
8213 84
8214 96
8215 15
8216 62
8217 34
8218 22
8219 42
8220 90
8221 71
8222 99
8223 66
8224 89
8225 28
8226 87
8227 85
8228 65
8229 41
8230 73
8231 7
8232 14
8233 7
8234 40
8235 11
8236 10
8237 15
8238 90
8239 50
8240 96
8241 33
8242 16
8243 62
8244 80
8245 71
8246 3
8247 48
8248 54
8249 89
8250 34
8251 19
8252 61
8253 75
8254 84
8255 24
8256 67
8257 46
8258 25
8259 35
8260 71
8261 89
8262 65
8263 84
8264 14
8265 58
8266 13
8267 71
8268 46
8269 24
8270 11
8271 1
8272 29
8273 32
8274 84
8275 19
8276 83
8277 5
8278 17
8279 26
8280 15
8281 54
8282 72
8283 34
8284 36
8285 58
8286 57
8287 57
8288 40
8289 75
8290 25
8291 7
8292 90
8293 48
8294 6
8295 19
8296 61
8297 89
8298 89
8299 85
8300 5
8301 74
8302 89
8303 84
8304 94
8305 92
8306 93
8307 12
8308 39
8309 7
8310 14
8311 20
8312 94
8313 9
8314 3
8315 26
8316 75
8317 24
8318 22
8319 27
8320 2
8321 19
8322 64
8323 58
8324 61
8325 91
8326 80
8327 69
8328 20
8329 85
8330 12
8331 83
8332 65
8333 13
8334 33
8335 98
8336 67
8337 97
8338 31
8339 97
8340 23
8341 19
8342 18
8343 15
8344 49
8345 34
8346 91
8347 11
8348 73
8349 44
8350 38
8351 67
8352 11
8353 54
8354 61
8355 43
8356 62
8357 81
8358 82
8359 94
8360 53
8361 68
8362 99
8363 32
8364 46
8365 71
8366 23
8367 85
8368 1
8369 47
8370 24
8371 51
8372 93
8373 85
8374 16
8375 7
8376 14
8377 77
8378 85
8379 73
8380 47
8381 63
8382 39
8383 13
8384 50
8385 36
8386 68
8387 26
8388 55
8389 11
8390 26
8391 6
8392 54
8393 88
8394 49
8395 1
8396 1
8397 19
8398 39
8399 95
8400 82
8401 22
8402 74
8403 13
8404 74
8405 12
8406 94
8407 52
8408 99
8409 94
8410 81
8411 13
8412 60
8413 0
8414 71
8415 72
8416 95
8417 41
8418 54
8419 8
8420 72
8421 21
8422 59
8423 85
8424 22
8425 83
8426 83
8427 93
8428 18
8429 75
8430 41
8431 81
8432 72
8433 50
8434 61
8435 43
8436 69
8437 49
8438 78
8439 6
8440 94
8441 57
8442 33
8443 33
8444 73
8445 36
8446 32
8447 54
8448 75
8449 21
8450 42
8451 36
8452 6
8453 42
8454 32
8455 94
8456 96
8457 11
8458 56
8459 96
8460 85
8461 20
8462 21
8463 95
8464 26
8465 3
8466 76
8467 14
8468 39
8469 0
8470 38
8471 64
8472 6
8473 10
8474 24
8475 32
8476 78
8477 58
8478 52
8479 25
8480 28
8481 80
8482 33
8483 38
8484 9
8485 11
8486 66
8487 59
8488 47
8489 18
8490 20
8491 26
8492 37
8493 69
8494 31
8495 52
8496 56
8497 77
8498 75
8499 32
8500 80
8501 87
8502 24
8503 95
8504 24
8505 5
8506 23
8507 75
8508 63
8509 71
8510 32
8511 62
8512 8
8513 71
8514 14
8515 46
8516 1
8517 3
8518 74
8519 38
8520 48
8521 34
8522 12
8523 96
8524 11
8525 50
8526 50
8527 18
8528 70
8529 45
8530 63
8531 67
8532 31
8533 37
8534 33
8535 11
8536 50
8537 54
8538 72
8539 48
8540 55
8541 83
8542 8
8543 88
8544 25
8545 72
8546 85
8547 33
8548 5
8549 50
8550 78
8551 23
8552 84
8553 82
8554 7
8555 28
8556 66
8557 41
8558 0
8559 35
8560 52
8561 61
8562 27
8563 3
8564 65
8565 52
8566 25
8567 35
8568 97
8569 77
8570 58
8571 66
8572 95
8573 1
8574 28
8575 41
8576 57
8577 60
8578 59
8579 90
8580 74
8581 22
8582 75
8583 20
8584 76
8585 25
8586 97
8587 89
8588 87
8589 83
8590 99
8591 79
8592 19
8593 78
8594 28
8595 2
8596 42
8597 84
8598 68
8599 17
8600 94
8601 82
8602 42
8603 57
8604 46
8605 1
8606 0
8607 3
8608 23
8609 39
8610 51
8611 25
8612 95
8613 36
8614 25
8615 7
8616 91
8617 1
8618 19
8619 32
8620 38
8621 2
8622 52
8623 28
8624 62
8625 20
8626 25
8627 42
8628 37
8629 26
8630 30
8631 87
8632 60
8633 53
8634 3
8635 38
8636 77
8637 60
8638 24
8639 59
8640 32
8641 54
8642 42
8643 43
8644 2
8645 95
8646 8
8647 89
8648 29
8649 45
8650 61
8651 43
8652 47
8653 30
8654 28
8655 85
8656 20
8657 64
8658 14
8659 51
8660 63
8661 2
8662 55
8663 10
8664 95
8665 55
8666 18
8667 84
8668 36
8669 54
8670 71
8671 97
8672 66
8673 51
8674 47
8675 54
8676 36
8677 80
8678 99
8679 10
8680 34
8681 40
8682 82
8683 53
8684 45
8685 19
8686 97
8687 69
8688 3
8689 20
8690 4
8691 27
8692 36
8693 27
8694 71
8695 22
8696 31
8697 90
8698 66
8699 87
8700 87
8701 82
8702 95
8703 9
8704 15
8705 39
8706 2
8707 9
8708 96
8709 98
8710 60
8711 18
8712 78
8713 56
8714 2
8715 98
8716 0
8717 83
8718 88
8719 73
8720 26
8721 94
8722 38
8723 68
8724 91
8725 29
8726 9
8727 30
8728 60
8729 39
8730 23
8731 79
8732 49
8733 0
8734 14
8735 82
8736 89
8737 47
8738 92
8739 61
8740 28
8741 22
8742 90
8743 4
8744 89
8745 76
8746 53
8747 15
8748 86
8749 77
8750 33
8751 21
8752 42
8753 24
8754 76
8755 61
8756 5
8757 85
8758 31
8759 32
8760 11
8761 3
8762 6
8763 93
8764 98
8765 21
8766 66
8767 9
8768 14
8769 17
8770 69
8771 64
8772 77
8773 75
8774 24
8775 17
8776 92
8777 12
8778 48
8779 59
8780 93
8781 47
8782 36
8783 52
8784 97
8785 63
8786 7
8787 94
8788 14
8789 51
8790 11
8791 50
8792 46
8793 12
8794 98
8795 64
8796 68
8797 89
8798 9
8799 34
8800 29
8801 99
8802 91
8803 33
8804 66
8805 27
8806 99
8807 17
8808 25
8809 76
8810 23
8811 14
8812 90
8813 57
8814 92
8815 15
8816 89
8817 28
8818 31
8819 84
8820 73
8821 30
8822 67
8823 97
8824 39
8825 95
8826 40
8827 44
8828 1
8829 71
8830 84
8831 1
8832 74
8833 99
8834 24
8835 12
8836 80
8837 18
8838 36
8839 60
8840 2
8841 44
8842 33
8843 48
8844 76
8845 8
8846 63
8847 11
8848 84
8849 50
8850 63
8851 10
8852 83
8853 67
8854 49
8855 48
8856 89
8857 33
8858 7
8859 98
8860 74
8861 48
8862 3
8863 9
8864 78
8865 55
8866 44
8867 77
8868 47
8869 17
8870 69
8871 58
8872 78
8873 96
8874 26
8875 30
8876 80
8877 75
8878 7
8879 17
8880 40
8881 92
8882 7
8883 32
8884 47
8885 97
8886 2
8887 85
8888 76
8889 84
8890 19
8891 1
8892 58
8893 59
8894 90
8895 64
8896 91
8897 30
8898 50
8899 13
8900 10
8901 32
8902 79
8903 74
8904 61
8905 68
8906 30
8907 47
8908 34
8909 87
8910 78
8911 20
8912 0
8913 8
8914 67
8915 6
8916 43
8917 17
8918 46
8919 62
8920 16
8921 78
8922 77
8923 97
8924 94
8925 21
8926 73
8927 68
8928 71
8929 23
8930 6
8931 35
8932 83
8933 54
8934 70
8935 9
8936 96
8937 0
8938 58
8939 55
8940 69
8941 72
8942 18
8943 47
8944 25
8945 88
8946 12
8947 77
8948 29
8949 34
8950 89
8951 92
8952 86
8953 77
8954 72
8955 78
8956 34
8957 49
8958 52
8959 85
8960 49
8961 60
8962 61
8963 12
8964 83
8965 87
8966 6
8967 47
8968 73
8969 0
8970 70
8971 59
8972 34
8973 37
8974 65
8975 81
8976 97
8977 26
8978 78
8979 32
8980 17
8981 33
8982 51
8983 39
8984 64
8985 35
8986 81
8987 33
8988 9
8989 80
8990 39
8991 89
8992 13
8993 48
8994 66
8995 38
8996 29
8997 84
8998 95
8999 52
9000 14
9001 32
9002 69
9003 85
9004 61
9005 39
9006 61
9007 67
9008 90
9009 77
9010 80
9011 19
9012 28
9013 85
9014 4
9015 7
9016 36
9017 90
9018 47
9019 33
9020 40
9021 9
9022 13
9023 58
9024 11
9025 94
9026 66
9027 79
9028 35
9029 13
9030 21
9031 39
9032 89
9033 88
9034 95
9035 76
9036 77
9037 69
9038 87
9039 53
9040 82
9041 44
9042 66
9043 83
9044 62
9045 91
9046 24
9047 55
9048 13
9049 56
9050 67
9051 18
9052 27
9053 5
9054 0
9055 38
9056 43
9057 12
9058 87
9059 94
9060 85
9061 49
9062 79
9063 22
9064 60
9065 92
9066 5
9067 77
9068 11
9069 23
9070 19
9071 26
9072 39
9073 61
9074 69
9075 78
9076 3
9077 63
9078 46
9079 84
9080 15
9081 96
9082 84
9083 81
9084 45
9085 32
9086 58
9087 31
9088 85
9089 33
9090 96
9091 32
9092 5
9093 33
9094 15
9095 59
9096 2
9097 56
9098 42
9099 18
9100 83
9101 67
9102 77
9103 16
9104 96
9105 83
9106 4
9107 19
9108 86
9109 36
9110 56
9111 94
9112 74
9113 85
9114 94
9115 88
9116 67
9117 1
9118 65
9119 9
9120 38
9121 97
9122 11
9123 63
9124 1
9125 16
9126 67
9127 51
9128 0
9129 96
9130 62
9131 58
9132 52
9133 94
9134 17
9135 73
9136 5
9137 42
9138 75
9139 79
9140 52
9141 26
9142 16
9143 89
9144 50
9145 17
9146 85
9147 62
9148 25
9149 28
9150 79
9151 62
9152 89
9153 3
9154 32
9155 38
9156 61
9157 67
9158 89
9159 57
9160 72
9161 48
9162 82
9163 29
9164 95
9165 7
9166 66
9167 34
9168 95
9169 46
9170 63
9171 32
9172 68
9173 10
9174 83
9175 92
9176 56
9177 91
9178 3
9179 56
9180 66
9181 10
9182 17
9183 52
9184 2
9185 97
9186 67
9187 26
9188 31
9189 1
9190 7
9191 59
9192 76
9193 81
9194 29
9195 59
9196 88
9197 51
9198 2
9199 30
9200 84
9201 59
9202 23
9203 21
9204 75
9205 60
9206 70
9207 85
9208 6
9209 51
9210 53
9211 20
9212 55
9213 79
9214 63
9215 8
9216 81
9217 18
9218 45
9219 16
9220 65
9221 99
9222 50
9223 31
9224 94
9225 13
9226 80
9227 41
9228 62
9229 85
9230 39
9231 83
9232 98
9233 65
9234 24
9235 86
9236 9
9237 95
9238 27
9239 2
9240 74
9241 0
9242 73
9243 69
9244 79
9245 10
9246 25
9247 46
9248 38
9249 66
9250 2
9251 29
9252 83
9253 28
9254 98
9255 70
9256 28
9257 29
9258 98
9259 58
9260 86
9261 79
9262 23
9263 79
9264 3
9265 7
9266 97
9267 71
9268 46
9269 35
9270 39
9271 7
9272 23
9273 24
9274 42
9275 99
9276 52
9277 3
9278 95
9279 6
9280 61
9281 37
9282 68
9283 20
9284 15
9285 9
9286 63
9287 31
9288 1
9289 66
9290 52
9291 31
9292 3
9293 5
9294 96
9295 47
9296 53
9297 75
9298 58
9299 21
9300 73
9301 26
9302 82
9303 42
9304 37
9305 74
9306 13
9307 94
9308 51
9309 88
9310 81
9311 59
9312 71
9313 99
9314 74
9315 90
9316 2
9317 78
9318 49
9319 76
9320 5
9321 10
9322 29
9323 22
9324 99
9325 84
9326 79
9327 55
9328 31
9329 8
9330 8
9331 75
9332 38
9333 17
9334 52
9335 77
9336 36
9337 18
9338 25
9339 95
9340 71
9341 30
9342 63
9343 71
9344 30
9345 4
9346 57
9347 50
9348 35
9349 9
9350 32
9351 55
9352 57
9353 94
9354 49
9355 33
9356 19
9357 43
9358 29
9359 19
9360 58
9361 47
9362 55
9363 54
9364 11
9365 7
9366 88
9367 98
9368 89
9369 64
9370 99
9371 93
9372 66
9373 76
9374 76
9375 44
9376 40
9377 56
9378 47
9379 48
9380 76
9381 73
9382 12
9383 29
9384 51
9385 15
9386 53
9387 87
9388 86
9389 67
9390 20
9391 14
9392 8
9393 2
9394 53
9395 72
9396 34
9397 93
9398 84
9399 51
9400 2
9401 80
9402 62
9403 36
9404 25
9405 43
9406 38
9407 22
9408 0
9409 19
9410 80
9411 76
9412 58
9413 52
9414 56
9415 66
9416 25
9417 59
9418 0
9419 53
9420 42
9421 64
9422 13
9423 65
9424 95
9425 26
9426 76
9427 11
9428 36
9429 90
9430 43
9431 4
9432 17
9433 50
9434 86
9435 85
9436 28
9437 98
9438 75
9439 7
9440 94
9441 25
9442 10
9443 7
9444 53
9445 98
9446 6
9447 26
9448 62
9449 84
9450 94
9451 34
9452 4
9453 37
9454 68
9455 96
9456 41
9457 43
9458 0
9459 66
9460 24
9461 7
9462 52
9463 55
9464 33
9465 22
9466 40
9467 3
9468 18
9469 30
9470 0
9471 97
9472 39
9473 71
9474 4
9475 15
9476 76
9477 97
9478 60
9479 16
9480 6
9481 4
9482 64
9483 10
9484 52
9485 46
9486 60
9487 67
9488 32
9489 41
9490 68
9491 6
9492 59
9493 27
9494 32
9495 54
9496 22
9497 88
9498 75
9499 2
9500 32
9501 70
9502 70
9503 1
9504 17
9505 11
9506 7
9507 67
9508 80
9509 70
9510 83
9511 33
9512 81
9513 17
9514 62
9515 65
9516 5
9517 53
9518 59
9519 21
9520 7
9521 64
9522 76
9523 38
9524 85
9525 15
9526 32
9527 62
9528 96
9529 16
9530 31
9531 31
9532 81
9533 0
9534 99
9535 43
9536 62
9537 14
9538 65
9539 88
9540 92
9541 35
9542 8
9543 97
9544 59
9545 46
9546 90
9547 80
9548 64
9549 79
9550 24
9551 96
9552 34
9553 24
9554 29
9555 2
9556 49
9557 70
9558 42
9559 15
9560 96
9561 10
9562 93
9563 68
9564 86
9565 36
9566 12
9567 15
9568 92
9569 80
9570 70
9571 24
9572 34
9573 16
9574 29
9575 44
9576 81
9577 18
9578 87
9579 30
9580 56
9581 70
9582 78
9583 34
9584 18
9585 6
9586 26
9587 78
9588 52
9589 50
9590 35
9591 9
9592 32
9593 14
9594 49
9595 7
9596 27
9597 3
9598 49
9599 76
9600 85
9601 37
9602 85
9603 62
9604 15
9605 36
9606 11
9607 26
9608 25
9609 63
9610 10
9611 7
9612 74
9613 66
9614 82
9615 28
9616 33
9617 44
9618 56
9619 7
9620 94
9621 95
9622 51
9623 11
9624 18
9625 56
9626 45
9627 32
9628 92
9629 88
9630 54
9631 24
9632 52
9633 18
9634 74
9635 90
9636 38
9637 32
9638 42
9639 18
9640 45
9641 40
9642 37
9643 75
9644 58
9645 10
9646 73
9647 57
9648 57
9649 47
9650 82
9651 72
9652 78
9653 38
9654 6
9655 82
9656 77
9657 25
9658 20
9659 53
9660 76
9661 88
9662 18
9663 33
9664 6
9665 25
9666 97
9667 84
9668 73
9669 47
9670 30
9671 81
9672 84
9673 96
9674 16
9675 75
9676 11
9677 95
9678 33
9679 59
9680 73
9681 44
9682 36
9683 9
9684 73
9685 83
9686 64
9687 70
9688 61
9689 47
9690 11
9691 28
9692 95
9693 67
9694 11
9695 72
9696 73
9697 60
9698 56
9699 21
9700 25
9701 38
9702 18
9703 83
9704 66
9705 45
9706 45
9707 82
9708 34
9709 76
9710 67
9711 80
9712 65
9713 61
9714 91
9715 22
9716 91
9717 97
9718 68
9719 23
9720 94
9721 95
9722 84
9723 92
9724 15
9725 32
9726 8
9727 4
9728 23
9729 77
9730 56
9731 64
9732 33
9733 12
9734 36
9735 64
9736 79
9737 74
9738 70
9739 92
9740 15
9741 22
9742 27
9743 85
9744 41
9745 48
9746 10
9747 12
9748 59
9749 12
9750 40
9751 73
9752 12
9753 85
9754 71
9755 74
9756 2
9757 24
9758 68
9759 47
9760 46
9761 9
9762 35
9763 98
9764 67
9765 46
9766 7
9767 83
9768 3
9769 83
9770 83
9771 50
9772 94
9773 93
9774 49
9775 78
9776 45
9777 19
9778 57
9779 38
9780 54
9781 34
9782 43
9783 83
9784 35
9785 70
9786 86
9787 9
9788 65
9789 26
9790 97
9791 23
9792 92
9793 61
9794 36
9795 61
9796 48
9797 3
9798 54
9799 97
9800 63
9801 36
9802 19
9803 91
9804 6
9805 51
9806 1
9807 38
9808 2
9809 87
9810 97
9811 24
9812 12
9813 20
9814 44
9815 26
9816 0
9817 60
9818 36
9819 65
9820 87
9821 38
9822 65
9823 77
9824 44
9825 55
9826 56
9827 35
9828 71
9829 4
9830 15
9831 58
9832 58
9833 64
9834 23
9835 3
9836 75
9837 3
9838 71
9839 19
9840 90
9841 29
9842 50
9843 99
9844 12
9845 56
9846 20
9847 58
9848 98
9849 1
9850 38
9851 90
9852 65
9853 33
9854 57
9855 16
9856 34
9857 53
9858 2
9859 96
9860 46
9861 53
9862 96
9863 18
9864 55
9865 21
9866 29
9867 34
9868 43
9869 59
9870 42
9871 51
9872 3
9873 75
9874 83
9875 34
9876 43
9877 18
9878 96
9879 43
9880 45
9881 19
9882 90
9883 88
9884 47
9885 3
9886 85
9887 86
9888 23
9889 65
9890 42
9891 46
9892 38
9893 89
9894 90
9895 81
9896 0
9897 78
9898 80
9899 13
9900 92
9901 87
9902 44
9903 23
9904 48
9905 59
9906 68
9907 69
9908 81
9909 1
9910 14
9911 12
9912 49
9913 27
9914 52
9915 4
9916 96
9917 47
9918 77
9919 61
9920 49
9921 17
9922 49
9923 31
9924 98
9925 20
9926 25
9927 18
9928 49
9929 39
9930 17
9931 39
9932 23
9933 96
9934 83
9935 62
9936 21
9937 56
9938 13
9939 24
9940 49
9941 22
9942 7
9943 83
9944 6
9945 2
9946 7
9947 49
9948 85
9949 18
9950 17
9951 18
9952 62
9953 12
9954 11
9955 18
9956 19
9957 67
9958 49
9959 90
9960 28
9961 88
9962 98
9963 16
9964 7
9965 82
9966 69
9967 86
9968 74
9969 49
9970 72
9971 20
9972 8
9973 68
9974 51
9975 42
9976 12
9977 62
9978 19
9979 32
9980 14
9981 83
9982 93
9983 77
9984 53
9985 73
9986 94
9987 35
9988 37
9989 50
9990 70
9991 29
9992 42
9993 65
9994 63
9995 13
9996 1
9997 76
9998 52
9999 5
10000 4
